859
632
686
1023
1023
1023
730
765
145
351
476
386
1023
1023
1023
1023
389
487
328
204
379
266
1023
1023
1023
1023
601
294
274
298
514
407
1023
1023
1023
1023
517
268
145
779
1023
818
1023
1023
1023
966
798
125
297
460
463
1023
1023
1023
1023
1023
241
146
341
426
466
1023
1023
1023
1023
1023
155
360
474
769
590
1023
1023
1023
860
577
391
343
86
546
721
1023
1023
1023
1023
456
169
313
530
656
1023
1023
1023
1023
502
353
160
198
310
257
1023
1023
1023
918
594
586
122
347
632
602
1023
1023
1023
1023
668
282
159
398
313
374
1023
1023
1023
1023
445
101
212
210
734
1023
1023
1023
1023
824
385
138
166
81
103
1023
1023
1023
1006
884
785
748
174
195
386
1023
1023
1023
1023
664
354
406
219
447
413
913
1023
1023
970
474
418
168
98
494
924
1023
1023
1023
1023
557
184
216
395
711
1023
1023
1023
1023
464
154
156
214
173
300
1023
1023
1023
1023
632
278
116
142
265
374
1023
1023
1023
1023
1023
225
208
324
611
956
1023
1023
1015
666
517
266
495
400
104
702
1023
1023
1023
619
141
176
202
201
120
737
1023
1023
1023
691
113
123
107
228
429
1023
1023
1023
1023
589
135
124
180
673
1023
1023
1023
1023
984
144
89
431
1023
552
736
1023
1023
1023
814
332
116
249
437
607
1023
1023
1023
1023
612
268
185
139
706
457
1023
1023
1023
1023
465
318
137
425
514
629
1023
1023
1023
942
253
98
369
375
668
740
1023
1023
1023
855
170
203
183
219
787
1023
715
1023
1023
780
158
200
156
334
331
1023
1023
1023
920
356
302
234
533
585
740
1023
1023
1023
652
563
246
133
178
520
1023
1023
1023
946
752
489
96
123
59
180
1023
1023
1023
1023
1023
110
276
145
195
541
1023
1023
1023
1023
495
116
167
305
633
700
1023
1023
1023
853
319
289
184
397
488
950
1023
1023
1023
796
362
101
317
460
232
1007
1023
1023
1023
855
445
129
697
404
249
758
1023
1023
1023
621
221
286
264
470
550
1023
1023
1023
677
608
266
122
280
584
661
1023
1023
1023
911
598
444
394
704
243
521
1023
1023
1023
792
441
112
466
262
739
1023
1023
1023
1023
522
266
180
227
272
478
1023
1023
1023
1023
484
86
223
303
304
633
1023
1023
1023
883
515
117
300
226
475
1023
1023
1023
1023
1005
419
123
161
339
614
1023
1023
1023
1023
859
127
112
286
362
580
1023
1023
1023
926
579
248
196
207
496
643
1023
1023
1023
802
617
264
165
372
507
1023
1023
1023
1023
793
547
209
139
431
769
1023
1023
1023
1023
808
486
116
157
348
364
1023
1023
1023
1023
862
633
127
418
725
1023
1023
1023
1023
855
173
90
206
323
434
498
1023
1023
1023
943
555
225
136
155
699
1023
1023
1023
1023
1023
879
153
554
1023
895
1023
1023
1023
1023
484
194
119
398
721
567
1023
1023
1023
1016
468
520
116
330
405
837
1023
1023
1023
1023
474
182
113
430
959
941
1023
1023
1023
975
562
108
274
667
661
1023
1023
1023
1023
673
285
141
243
365
476
1023
1023
1023
923
539
372
297
241
471
680
1023
1023
1023
1023
770
281
129
398
957
1023
1023
1023
1023
892
559
129
277
356
692
1023
1023
1023
1023
998
549
239
97
345
318
1023
1023
1023
1023
451
530
124
424
645
833
1023
1023
1023
1023
335
320
532
487
566
735
1023
1023
1023
904
421
589
197
435
217
1023
1023
1023
1023
1023
300
115
268
297
668
1023
1023
1023
703
145
114
266
113
160
429
1023
1023
1023
1023
1023
444
177
224
492
1023
1023
1023
1023
1023
715
234
311
553
786
1023
1023
1023
1023
641
317
105
190
555
341
1023
1023
1023
1023
398
237
178
284
72
713
1023
1023
1023
1002
470
201
169
492
719
950
1023
1023
1014
782
636
134
145
106
803
1023
1023
1023
1023
618
152
148
281
417
597
1023
1023
1023
940
446
78
109
355
670
724
981
1023
1023
1023
404
158
247
579
425
608
1023
1023
1023
830
378
81
427
675
716
1023
1023
1023
1012
284
172
112
399
448
500
1023
1023
1023
1023
632
95
272
114
770
700
1023
1023
1023
837
431
100
104
251
255
656
1023
1023
1023
1015
618
238
100
139
456
1023
1023
1023
1023
926
190
170
683
694
435
1023
1023
1023
1023
653
95
286
232
545
531
1023
1023
1023
1023
525
94
133
175
490
872
1023
1023
1023
803
471
325
241
198
399
1023
1023
1023
1023
737
84
104
136
450
629
1023
1023
1023
987
823
182
125
110
55
482
1023
1023
1023
1023
860
542
145
174
686
691
1023
1023
1023
873
878
322
437
764
614
994
1023
1023
1023
680
150
127
148
206
430
1023
1023
1023
1023
848
77
209
258
557
748
1023
1023
1023
1023
466
369
117
501
731
639
1023
1023
1023
1023
697
97
194
449
713
1023
1023
1023
1023
1023
504
238
446
346
188
949
1023
1023
1023
785
476
218
356
650
260
1023
1023
1023
1023
719
87
100
127
406
640
1023
1023
1023
1023
290
162
691
271
389
755
1023
1023
1023
919
421
82
131
175
456
1023
1023
1023
1023
648
225
96
205
381
501
1023
1023
1023
1023
562
221
422
118
327
470
1023
1023
1023
976
610
72
253
392
212
740
1023
1023
1023
845
370
124
155
74
164
917
1023
1023
1023
699
348
347
119
273
181
1023
1023
1023
1023
532
174
134
114
252
317
1023
1023
1023
1023
959
641
137
296
560
901
1023
1023
1023
1023
646
100
148
246
571
945
1023
1023
984
1023
806
565
113
136
771
1023
1023
1023
1023
700
193
152
232
181
677
1023
1023
1023
1023
207
73
223
468
134
461
1023
1023
1023
1023
283
188
154
468
542
615
1023
1023
1023
1023
921
376
345
608
603
1016
1023
1023
1023
875
207
121
117
333
560
1023
1023
1023
1023
959
269
504
348
156
572
1023
1023
1023
985
225
121
457
239
199
479
1023
1023
1023
676
448
103
320
348
393
1023
1023
1023
1023
422
176
94
109
337
534
1023
1023
1023
1023
842
86
187
130
541
956
1023
1023
1023
1023
619
225
116
239
619
1023
1023
1023
1023
934
591
232
176
480
590
1023
1023
1023
1023
768
223
287
675
713
559
1023
1023
1023
832
528
391
154
324
273
646
1023
1023
1023
813
798
79
127
265
453
1023
1023
1023
1023
955
476
534
480
837
695
1004
1023
1023
1023
577
425
116
128
340
669
1023
1023
1023
1023
1023
137
341
572
724
622
643
958
1023
1023
1021
188
299
109
139
257
1023
1023
1023
1023
730
85
482
480
349
1023
1023
1023
1023
529
63
76
650
433
116
574
1023
1023
1023
1023
456
195
195
475
547
1023
1023
1023
1023
855
757
212
427
511
599
1023
1023
1023
1023
699
655
165
157
595
986
1023
1023
1023
1011
468
319
129
259
199
1014
1023
1023
962
633
233
169
322
141
242
716
1023
1023
869
526
390
452
126
295
493
1023
1023
1023
1023
763
343
126
182
630
1023
1023
1023
1023
982
379
123
146
157
490
887
1023
1023
1023
1023
384
273
437
361
369
906
1023
1023
989
729
198
208
118
169
454
1023
1023
1023
892
603
171
302
456
420
561
1023
1023
1023
785
456
136
197
107
435
993
1023
1023
1023
1023
740
351
188
672
1023
1023
1023
1023
648
401
293
362
119
266
506
1023
1023
1023
871
380
151
173
312
113
282
1023
1023
1023
907
664
135
381
534
665
678
1023
1023
1023
968
466
112
260
504
678
1023
1023
1023
1023
655
96
296
596
488
252
1023
1023
1023
1023
650
300
299
448
371
545
999
1023
1023
1023
678
84
192
221
127
672
1023
1023
1023
836
395
125
247
648
492
978
1023
1023
1023
819
530
593
132
541
571
1023
1023
1023
1023
282
121
109
184
192
517
1023
1023
1023
959
603
501
125
321
600
934
1023
1023
1023
831
1023
188
500
751
764
877
1023
1023
1023
810
372
82
142
522
592
1023
1023
1023
1023
553
318
237
103
185
570
1023
1023
1023
912
322
116
127
131
445
614
1023
1023
1023
872
323
118
124
294
527
950
1023
1023
1023
842
233
583
118
86
261
1023
1023
1023
1023
516
262
204
377
540
755
1023
1023
1023
816
579
70
119
163
135
337
1023
1023
1023
1023
830
606
197
126
567
1023
1023
1023
1023
895
689
273
155
319
494
952
1023
1023
1023
931
345
110
115
308
458
1023
1023
1023
1023
833
606
121
284
160
531
1023
1023
1023
987
549
193
155
530
773
873
1023
1023
1023
940
495
108
176
263
363
1023
1023
1023
1023
941
385
105
200
488
701
1023
1023
1023
1023
517
84
220
137
92
365
1023
1023
1023
1023
740
152
171
384
743
1023
1023
1023
1023
758
451
132
307
452
261
1023
1023
908
978
1023
353
150
218
108
280
1023
1023
1023
1023
633
207
142
125
153
529
1023
1023
1023
1023
706
332
137
283
623
960
1023
1023
1023
938
387
140
191
265
1016
1023
1023
1023
1023
684
347
111
290
486
566
1023
1023
1023
1023
492
108
161
107
502
497
1023
1023
1023
1003
884
209
127
214
358
554
1023
1023
1023
1023
723
340
127
252
766
1023
1023
1023
1023
1023
133
217
404
539
1023
1023
1023
1023
1018
724
330
137
281
613
571
1023
1023
1023
1023
524
114
133
284
283
871
1023
1023
1023
975
310
293
459
333
233
639
1023
1023
1023
815
296
169
224
485
489
1023
1023
1023
1023
721
384
260
268
368
586
1023
1023
1023
1001
628
213
396
206
838
879
1023
1023
1023
872
399
189
227
216
207
1023
1023
1023
1023
1023
520
213
242
212
173
948
1023
1023
1023
1023
873
483
134
649
1023
1023
1023
1023
884
331
74
211
347
554
758
1023
1023
1023
1012
803
160
904
171
617
1023
1023
1023
1023
451
76
95
124
223
520
1023
1023
1023
1023
938
478
123
565
747
422
1023
1023
1023
951
643
519
144
252
583
611
1023
1023
1023
760
349
91
162
189
329
723
1023
1023
1023
833
504
117
185
433
533
739
1023
1023
1023
727
244
219
101
328
893
1023
1023
1023
1023
666
122
226
348
623
559
1023
1023
1023
1023
514
327
550
466
340
794
1023
1023
1023
983
140
84
207
320
583
763
1023
1023
1023
970
379
120
211
347
300
1023
1023
1023
980
654
624
