165
161
168
432
746
728
584
456
436
220
169
211
206
555
849
848
611
326
86
119
190
185
236
553
816
677
552
281
67
155
178
200
278
636
887
792
583
216
68
109
105
211
444
1023
1000
612
505
180
58
163
168
236
544
855
878
711
399
123
84
161
155
189
573
789
778
615
267
82
100
178
234
306
723
797
729
444
267
63
140
115
113
329
943
961
722
495
125
106
129
79
242
502
886
856
715
481
116
94
142
151
245
534
782
718
539
233
114
88
135
59
177
764
1023
930
690
301
66
220
172
330
386
659
774
852
614
132
125
169
92
121
380
741
940
779
442
122
99
158
110
331
718
770
669
592
353
73
132
188
254
288
565
799
731
615
232
68
147
186
238
299
625
796
596
465
154
111
129
332
450
546
666
833
651
548
272
96
336
251
213
564
499
596
611
513
268
90
99
267
496
904
1023
1023
641
495
484
124
102
80
815
857
760
674
481
989
740
116
144
132
457
1016
1023
891
942
594
111
125
117
90
506
1023
1023
838
497
200
495
383
683
291
292
353
617
636
230
965
333
239
805
395
1023
325
229
731
127
380
693
147
160
650
512
231
1023
409
326
71
421
444
86
347
657
181
296
387
148
316
198
1023
144
1023
433
855
719
294
59
117
176
289
373
354
230
441
930
1023
222
395
254
341
247
310
265
398
781
268
176
113
149
80
532
867
731
304
364
211
152
300
887
1023
1023
1023
920
386
663
470
693
645
604
1023
1023
1023
1023
854
174
949
921
464
614
917
1023
1022
1023
899
350
1023
1023
143
209
624
964
512
347
473
253
733
241
629
392
452
621
629
691
368
222
378
834
189
104
1023
795
593
494
158
609
196
195
641
347
290
233
326
547
171
152
396
117
405
367
620
681
1023
405
75
62
569
116
447
265
1023
1023
330
299
77
721
486
120
1023
1023
770
547
391
267
721
795
305
627
670
844
529
225
429
287
322
304
323
439
531
958
1023
639
667
196
71
189
182
222
1023
1023
869
730
1023
519
89
376
627
819
1023
1023
1023
434
179
307
513
571
405
258
531
255
199
390
265
164
532
223
841
307
383
198
237
412
646
408
263
127
127
993
364
290
304
722
73
85
233
827
121
331
777
699
448
246
62
170
743
915
299
338
794
261
482
297
120
167
90
98
758
1023
404
257
420
639
396
137
198
244
756
350
252
917
338
84
536
404
256
492
677
491
993
975
792
88
692
121
72
173
833
1023
1023
950
748
288
767
874
287
242
904
1023
1023
807
375
374
258
645
389
478
1023
798
847
506
98
249
696
142
374
317
1023
516
581
429
651
308
116
781
653
283
280
1023
1023
134
734
117
96
111
324
575
845
970
416
98
97
182
278
157
368
888
853
617
445
840
612
236
375
720
778
725
641
1023
530
169
106
452
345
729
1023
1023
462
951
182
147
371
362
811
414
391
787
220
406
98
488
1023
429
155
389
614
934
1005
808
170
94
656
176
167
497
707
468
870
590
645
595
442
160
94
382
716
744
786
720
188
122
118
140
389
840
577
600
428
124
363
127
210
96
298
1023
491
982
823
365
102
527
560
118
618
1023
1023
1023
438
70
676
539
339
157
373
599
813
846
252
121
234
207
380
557
339
1023
989
536
132
83
121
248
638
615
357
753
636
458
567
372
127
124
78
889
1023
751
609
440
350
471
405
72
462
285
973
1013
958
573
149
97
346
784
438
725
1023
940
773
208
169
417
173
80
293
281
797
994
710
888
86
406
527
71
287
346
854
619
673
249
246
103
280
157
491
1023
811
762
745
576
355
918
467
208
579
973
662
389
146
276
199
388
478
375
1023
1023
482
471
501
538
135
227
87
578
795
780
625
473
747
117
453
336
500
522
955
579
498
459
107
191
108
168
118
573
778
446
1023
333
62
102
375
368
297
814
965
874
627
134
57
523
143
111
282
1023
963
1023
728
85
474
143
86
124
545
957
568
722
782
522
129
237
63
235
869
1023
1023
772
619
470
530
312
57
555
1023
720
584
596
279
103
219
371
413
862
1023
1023
889
543
81
239
428
312
124
680
442
447
999
662
497
705
121
155
533
1023
907
304
419
692
624
415
147
96
139
747
1023
862
590
216
59
105
124
96
349
1023
621
720
594
167
320
250
119
309
568
1023
1023
759
614
569
495
139
561
689
521
541
469
468
302
102
406
150
155
176
716
1023
1023
693
438
109
127
335
203
240
723
533
810
1023
707
236
113
419
107
365
958
1023
981
678
422
86
244
712
358
577
700
667
714
425
239
185
144
80
133
424
962
970
847
178
340
264
114
327
208
633
353
752
421
578
334
102
229
378
496
809
1023
728
431
68
192
135
118
412
618
755
639
715
430
75
128
221
48
232
1023
736
497
527
252
123
108
104
388
356
490
1023
519
371
185
161
114
89
146
342
874
738
623
585
171
88
117
82
98
279
1023
804
628
615
316
355
195
221
426
613
982
1023
692
415
222
327
260
546
248
1023
1023
365
522
145
64
209
213
76
354
819
505
550
742
120
95
130
104
167
319
1023
884
765
378
88
110
502
210
136
599
843
565
579
297
203
128
112
219
379
707
1023
595
373
394
170
116
501
575
351
924
838
716
421
311
253
159
225
156
601
878
905
976
664
70
323
176
85
290
771
804
347
712
708
153
113
118
221
406
494
649
855
425
420
580
141
138
59
392
906
943
787
573
97
79
114
105
57
424
768
613
890
447
325
180
240
116
353
615
863
746
691
317
142
575
426
67
369
1023
1023
970
757
219
75
215
506
269
265
758
960
774
529
134
110
217
102
249
538
931
754
707
536
167
85
112
83
181
420
887
697
612
490
150
109
198
83
102
409
730
678
819
357
176
555
155
361
209
923
1023
1023
730
112
57
112
574
422
259
794
1023
1023
601
151
72
100
714
215
308
828
1023
921
426
147
149
81
325
93
709
1023
880
905
461
57
108
116
360
242
849
949
906
547
151
136
106
90
521
736
916
793
623
399
82
85
111
357
101
320
1023
1023
1022
446
124
67
415
858
97
593
799
805
795
430
341
189
206
65
231
868
988
820
706
376
102
592
192
251
335
358
575
692
711
186
169
124
402
281
396
729
1023
816
472
100
187
485
222
237
549
737
739
603
466
115
353
360
494
201
912
423
1023
864
197
126
209
97
74
299
809
617
1023
743
422
103
291
204
372
850
1023
475
303
443
237
292
446
144
122
384
782
728
777
535
248
148
415
402
310
382
895
1023
798
194
80
148
340
282
481
554
223
671
633
210
280
125
226
437
489
291
194
867
774
229
124
293
77
104
633
1023
827
554
400
94
166
305
227
110
499
868
713
497
242
56
158
179
65
258
832
1023
883
640
266
195
166
486
284
309
725
767
877
748
347
61
239
292
257
439
522
780
532
609
243
576
398
620
528
967
765
592
357
221
182
172
262
66
254
676
599
624
634
331
75
293
306
333
341
507
601
510
611
85
75
147
142
239
411
1011
1023
590
351
252
103
291
505
117
450
906
774
687
377
59
156
193
64
391
960
948
902
602
247
54
289
373
374
396
926
860
816
463
104
188
137
237
337
316
762
1023
1023
538
77
81
122
298
96
556
1009
1023
473
310
312
160
151
87
315
553
814
842
784
277
82
351
313
150
242
838
979
732
506
324
66
318
425
388
777
688
477
537
389
182
58
277
149
557
580
359
753
709
364
150
130
118
125
271
977
1023
708
688
285
66
104
245
303
313
790
882
862
638
188
127
158
268
407
245
532
879
1018
803
522
179
158
283
68
464
1023
1023
860
624
181
325
207
188
490
330
571
929
628
341
79
330
345
113
178
435
844
939
612
430
84
200
163
69
247
550
1023
800
442
222
178
123
142
102
447
921
706
926
560
387
81
137
411
233
528
999
718
448
282
83
207
107
140
123
480
743
719
644
130
151
183
192
157
206
322
484
1023
482
124
138
381
83
234
256
435
1023
834
684
146
326
181
274
298
537
694
807
433
374
186
428
267
201
191
593
851
471
563
187
188
169
130
135
333
1023
844
573
574
317
76
96
90
62
285
876
929
831
689
335
103
174
157
625
496
736
711
523
337
105
102
107
240
296
749
555
511
590
331
101
127
450
116
279
355
1023
857
560
119
130
259
113
287
762
975
937
721
442
81
212
327
470
309
333
740
836
649
362
188
100
255
153
412
465
846
880
534
275
127
130
123
113
408
422
563
407
546
284
63
178
490
264
478
510
671
913
655
226
138
270
204
262
491
764
886
701
580
82
185
303
266
611
376
1023
1023
943
292
84
257
307
466
357
641
1023
777
507
135
179
416
438
152
388
837
1023
720
410
85
155
216
113
82
329
862
963
903
480
120
101
353
337
148
437
820
714
622
604
137
229
283
633
115
458
911
328
355
725
89
387
150
239
220
478
848
505
624
223
220
103
254
98
657
786
1002
830
491
278
75
293
321
345
336
729
735
729
323
359
131
121
381
96
392
739
730
564
377
68
117
208
134
233
803
1023
1023
619
389
62
155
201
429
697
1023
683
426
683
155
129
337
274
145
436
1023
849
551
550
189
87
217
359
481
754
867
872
494
185
288
116
187
177
475
747
853
631
534
117
339
217
119
224
609
1023
963
620
493
199
242
372
229
285
377
334
433
709
540
232
178
88
132
321
654
743
612
794
582
