369
395
1023
1023
1023
1023
379
419
692
717
705
601
572
382
517
357
113
296
192
302
472
471
345
446
548
406
492
274
596
344
305
524
864
1023
1023
970
573
471
233
292
427
702
674
1023
858
908
413
184
227
302
776
735
666
576
414
268
261
196
275
248
440
433
312
565
742
132
196
275
197
258
407
674
515
599
480
303
272
238
259
351
425
306
576
618
203
180
313
675
1023
1023
393
702
917
506
210
171
194
184
173
421
534
502
531
343
229
299
312
193
188
459
425
397
548
576
842
576
194
490
369
408
653
956
827
280
155
324
271
191
422
908
978
655
662
368
219
304
153
210
386
381
363
748
678
706
245
234
398
190
379
495
791
869
676
363
262
200
176
354
443
434
657
885
793
628
341
157
243
471
755
611
793
594
149
306
358
124
534
851
597
299
542
419
713
1023
1023
565
235
488
571
798
626
291
272
381
500
178
301
483
431
457
586
287
242
561
194
217
394
585
1023
695
896
182
434
560
210
173
477
533
488
617
490
176
226
264
159
368
365
368
358
714
669
586
410
448
499
246
551
1023
996
1023
733
483
429
308
184
395
350
405
634
741
461
330
394
519
269
419
640
1023
1023
635
309
273
223
352
376
421
745
580
843
325
140
227
229
220
338
340
457
586
791
296
239
231
833
339
342
348
842
1012
779
183
364
358
172
225
396
336
293
591
549
268
184
183
169
190
441
448
606
789
542
186
405
343
435
360
449
440
482
664
589
365
207
213
300
326
365
275
434
573
346
526
389
166
224
502
569
779
470
562
233
217
238
200
238
361
348
364
631
459
322
289
297
176
493
453
491
552
667
496
173
359
409
162
366
420
470
451
554
262
423
244
200
199
399
579
515
499
530
230
829
234
297
300
463
576
961
758
410
235
222
230
174
203
423
474
853
1023
955
322
233
195
176
488
341
602
522
593
381
566
552
312
206
354
436
1023
1023
599
265
370
205
302
256
400
646
716
819
437
322
265
357
220
364
428
350
658
1023
1023
559
337
155
151
244
493
662
733
1023
694
475
496
432
142
420
861
1023
1023
750
495
642
308
193
213
392
534
711
666
659
446
349
273
533
321
433
634
606
664
790
590
561
326
135
211
493
542
1023
1023
1009
591
254
436
512
802
1023
551
472
551
300
228
241
173
197
413
487
465
590
524
172
184
302
258
203
405
531
490
796
613
282
163
218
213
317
603
662
789
620
484
203
318
461
566
422
453
416
621
587
286
208
507
167
250
324
353
496
676
600
464
366
286
302
273
445
648
634
710
566
530
196
246
272
290
392
355
501
522
233
132
164
292
309
225
541
363
324
510
766
823
223
184
208
438
541
893
934
1023
656
239
269
345
393
447
744
965
1023
573
254
232
194
203
428
510
728
751
641
319
180
221
203
292
173
417
365
387
539
269
148
303
215
181
741
706
268
766
880
399
284
260
375
304
414
408
698
749
732
468
408
432
333
222
442
406
756
895
649
652
290
580
202
235
472
656
674
971
785
523
608
290
214
312
629
1023
1023
1023
737
173
340
537
900
679
539
494
468
476
223
176
240
467
194
459
614
784
1023
605
546
424
188
274
231
396
492
399
757
676
1023
1023
584
253
382
446
582
653
516
464
371
288
173
165
407
356
286
473
453
351
172
213
257
395
478
391
462
509
383
156
156
234
241
232
381
521
772
790
336
159
198
173
218
208
333
329
365
694
850
835
192
214
337
429
961
715
524
567
214
191
276
257
156
482
557
783
844
547
377
194
201
273
308
397
333
253
488
344
133
239
363
733
617
369
429
647
751
689
430
413
251
204
298
583
810
747
556
255
190
211
145
178
352
427
350
539
696
421
456
207
425
285
390
467
421
505
294
518
322
208
197
203
452
742
537
757
688
906
726
481
230
392
847
1023
1023
634
401
552
193
282
306
544
622
763
834
951
388
245
347
256
379
450
630
554
635
476
196
220
301
288
200
399
469
656
518
303
293
322
281
194
217
463
375
395
610
339
353
293
392
260
365
444
656
904
622
177
151
293
192
213
416
426
429
572
566
339
186
207
154
326
452
587
576
643
269
175
234
237
152
242
407
463
638
824
393
280
254
175
184
330
471
622
762
682
415
248
199
156
233
375
515
472
734
627
414
253
183
153
173
428
621
621
642
419
418
298
251
129
233
452
542
511
703
513
217
235
304
192
345
396
511
650
723
561
440
292
188
178
449
596
670
817
632
337
362
258
175
161
443
581
712
701
471
325
221
210
142
224
417
517
615
679
487
427
345
253
192
384
414
630
705
622
436
251
209
231
212
405
513
443
661
578
370
183
187
203
203
425
508
579
689
450
397
254
217
195
203
376
448
527
667
364
448
470
345
283
363
359
478
686
691
479
340
269
168
139
378
411
539
614
650
329
283
205
205
195
357
522
614
715
557
383
379
194
142
238
368
507
559
671
414
295
235
241
190
285
487
570
506
609
319
229
209
199
184
382
406
445
584
563
347
260
216
174
165
347
412
525
747
520
355
257
214
153
175
392
417
516
667
425
308
254
212
138
200
413
579
682
702
457
342
271
176
162
361
441
548
631
654
376
298
217
125
202
390
460
450
601
555
366
265
305
175
169
422
447
439
680
459
355
215
201
161
241
365
510
528
668
427
312
234
200
156
325
392
541
626
664
426
370
301
187
124
386
399
602
657
616
334
281
201
133
152
441
478
536
667
542
322
273
169
159
167
426
516
550
627
333
222
301
222
164
307
419
494
615
624
369
190
225
232
179
347
395
552
708
621
389
301
211
169
160
404
441
505
646
474
337
276
204
185
176
370
509
484
666
417
302
240
200
154
285
372
534
562
616
380
311
213
164
149
339
401
555
619
579
277
215
201
185
179
442
442
460
672
581
330
274
261
143
209
410
518
588
739
444
287
250
243
179
240
421
564
650
689
406
263
251
194
173
323
414
553
684
631
333
262
219
161
154
366
503
520
658
589
357
307
167
172
159
405
518
576
676
459
302
246
199
159
195
412
506
564
620
455
313
263
175
180
381
393
530
624
663
448
272
237
175
166
390
388
519
653
551
406
302
209
167
183
368
366
562
774
453
266
245
170
182
167
342
515
535
609
406
292
250
211
120
338
387
540
608
723
340
277
260
227
206
403
504
640
637
574
342
248
206
148
183
330
422
498
671
495
302
236
180
129
184
418
490
522
609
335
329
293
222
150
298
415
579
664
643
407
310
229
203
209
335
480
623
640
654
447
338
235
159
153
332
488
457
623
461
288
242
189
201
163
443
516
472
639
394
294
211
150
123
255
502
573
608
571
335
232
220
182
146
365
469
508
658
614
358
283
245
185
169
357
424
518
700
643
398
255
255
132
197
389
410
759
818
522
368
272
223
157
183
402
559
610
696
368
300
229
196
176
359
401
547
592
619
360
297
199
151
171
418
465
599
748
557
203
218
201
158
198
424
474
567
680
545
401
331
267
183
199
404
464
596
701
414
247
267
189
159
282
401
512
639
609
353
251
237
148
153
323
416
514
749
648
383
271
223
193
182
376
478
455
617
482
398
259
199
160
174
363
530
561
629
400
340
270
173
174
303
396
557
592
626
369
302
200
151
166
389
489
563
686
579
323
215
208
171
176
388
477
526
679
531
324
264
223
174
167
394
521
475
678
411
358
267
205
120
272
414
547
578
621
392
241
207
214
168
325
451
590
611
587
301
331
221
164
151
419
472
496
646
550
318
229
213
147
221
424
533
590
684
463
279
272
205
158
226
398
463
622
617
400
305
274
227
183
344
437
529
646
601
343
265
264
159
127
367
353
531
657
535
297
261
229
132
196
323
512
549
742
430
294
234
284
138
247
384
544
590
660
451
289
217
174
135
391
394
477
581
719
355
278
248
242
180
393
411
522
663
570
234
217
276
217
191
448
404
577
735
593
293
263
209
307
207
394
513
517
680
425
300
253
194
151
310
409
537
645
655
498
256
215
184
265
307
458
509
514
529
351
215
213
162
172
381
519
485
683
408
389
240
204
162
306
426
496
482
565
427
314
243
241
164
299
472
621
629
724
272
269
203
192
166
338
396
480
665
638
327
261
278
153
132
339
445
642
695
476
331
250
232
153
138
412
490
490
632
407
303
181
219
149
266
397
570
688
647
422
267
210
171
130
341
363
561
661
594
344
293
205
206
231
396
473
553
695
555
332
272
239
183
166
438
455
525
635
470
313
275
200
176
197
427
605
546
559
343
226
228
181
187
250
419
481
644
638
429
278
239
195
147
374
446
511
694
611
467
260
171
159
191
384
475
463
615
445
313
257
186
171
223
387
562
578
639
395
325
263
200
175
300
441
522
581
609
362
256
229
191
149
336
437
547
641
558
337
255
199
145
149
390
527
577
660
490
323
265
205
122
183
394
476
431
612
436
287
211
241
148
319
405
495
557
580
429
309
210
190
204
365
446
487
627
496
217
171
220
175
189
411
403
502
627
534
328
217
236
177
182
401
532
606
709
405
282
270
227
125
227
427
480
606
654
417
254
241
161
162
345
435
513
690
582
325
258
235
121
141
374
449
475
659
518
375
235
