193
149
152
360
431
307
488
403
290
217
160
161
167
389
419
426
505
283
178
189
210
171
321
377
420
415
437
290
164
181
143
148
331
352
415
526
506
209
146
229
173
166
340
465
440
523
430
243
191
158
137
184
347
445
488
577
321
180
158
163
135
295
365
487
453
499
239
192
165
163
154
360
338
380
381
516
221
166
189
218
167
365
466
430
478
453
169
189
215
145
185
332
453
398
556
383
193
178
179
158
155
379
445
379
531
274
210
224
249
203
262
447
503
608
551
293
183
168
202
199
325
403
505
594
499
177
136
236
119
179
378
490
427
516
345
239
182
193
129
211
453
408
361
453
278
210
205
259
148
300
376
475
448
598
215
248
207
146
186
348
372
421
442
398
176
207
234
203
149
352
429
455
511
349
232
189
192
134
161
371
355
334
508
291
354
251
174
297
346
505
740
623
579
540
372
598
449
275
1023
784
522
441
528
336
199
159
624
233
414
828
449
556
825
339
180
220
305
439
413
457
520
548
338
266
282
450
945
268
315
582
664
490
375
626
526
204
433
344
347
310
401
464
735
337
415
135
421
626
261
496
818
474
329
373
364
208
377
626
361
756
565
770
549
495
801
599
339
854
1023
1023
450
248
185
1023
847
312
438
455
553
291
828
290
634
226
298
186
610
335
696
367
500
516
467
315
300
170
326
902
798
601
317
168
374
287
640
554
636
783
308
531
638
169
705
556
289
382
349
455
1023
1023
1023
206
203
424
747
921
632
673
403
487
388
346
603
502
203
749
878
260
382
345
136
465
570
189
224
649
527
412
948
409
187
210
255
123
306
501
258
391
534
164
219
222
232
221
311
408
317
442
465
136
222
355
334
483
757
774
704
428
364
555
1000
1023
612
748
408
750
267
504
332
464
469
206
443
873
588
304
283
535
635
705
662
368
181
737
859
922
457
727
215
149
212
421
371
406
786
935
851
466
191
217
221
153
318
649
726
283
505
234
256
225
698
383
224
514
360
324
538
303
147
151
209
169
422
398
321
486
518
177
377
912
172
596
449
385
430
391
432
298
163
738
1023
968
410
368
508
706
495
325
232
169
130
422
386
435
280
454
266
290
853
192
212
293
342
755
593
525
638
423
272
229
302
398
354
261
407
422
547
519
239
277
166
498
535
537
554
325
108
187
577
362
191
393
348
710
498
563
297
311
191
245
390
393
413
479
497
662
405
441
427
591
416
658
747
514
513
686
654
407
196
430
817
970
884
859
568
337
542
677
310
356
419
717
419
485
225
300
343
389
322
347
364
361
754
586
232
163
484
416
181
458
732
499
797
457
201
180
358
618
224
546
663
511
410
466
393
270
234
210
507
475
314
371
667
263
157
207
265
341
311
417
569
373
453
203
443
481
246
187
821
443
388
480
519
179
446
1023
378
379
561
372
423
549
588
185
215
345
140
215
425
455
260
463
242
964
413
205
234
423
428
501
572
508
338
214
135
252
180
336
428
280
378
722
649
289
258
204
205
326
364
345
727
655
550
303
364
514
201
397
535
871
609
354
138
198
179
235
261
405
592
619
832
384
123
524
263
419
306
495
319
381
462
157
153
252
293
581
456
450
385
416
458
127
141
343
404
282
415
508
614
888
761
820
192
197
354
228
504
840
1023
1023
1023
925
259
568
1023
1023
952
535
650
504
181
133
199
197
143
445
331
536
479
585
410
329
572
156
186
357
389
407
611
488
479
530
294
146
190
486
704
400
428
235
134
221
213
645
336
490
525
419
518
447
324
199
243
508
336
400
268
509
462
271
185
186
199
217
363
303
232
434
423
751
301
193
162
206
410
324
459
629
243
159
410
335
292
497
372
520
938
1023
438
135
277
530
198
290
612
514
448
458
236
144
676
167
203
387
505
298
418
580
471
199
410
316
183
444
528
656
662
401
209
543
218
184
257
385
460
379
588
276
218
296
188
180
412
503
369
710
830
383
164
234
228
435
649
724
526
554
468
139
228
285
146
419
446
418
451
839
552
381
219
208
324
316
398
383
265
631
412
520
248
348
182
403
389
485
626
638
281
154
207
189
207
351
295
366
652
765
471
241
224
191
180
346
518
890
751
336
331
231
170
195
172
316
319
398
627
564
181
171
328
258
425
604
554
374
625
428
204
188
491
562
426
471
577
830
495
585
138
310
415
159
342
311
340
570
478
674
528
175
171
291
483
532
554
480
371
189
215
343
258
313
417
645
726
600
207
289
243
165
127
329
523
275
459
460
331
397
185
156
339
654
617
512
432
433
168
193
430
187
205
569
749
720
636
241
283
181
296
289
363
661
1023
692
671
173
475
586
446
156
466
358
434
407
432
161
208
247
241
281
409
576
597
602
479
145
154
203
254
196
367
297
238
528
425
147
229
521
435
348
283
427
472
714
968
217
383
172
179
355
496
702
740
750
263
167
504
199
171
378
338
291
534
582
538
384
197
180
245
370
507
501
697
482
178
153
267
145
260
354
526
335
554
251
665
517
262
163
322
445
709
954
951
642
178
227
198
154
408
690
845
763
535
174
171
259
163
159
389
362
329
652
513
396
442
297
131
322
402
271
269
741
538
291
176
189
201
468
367
266
296
463
554
761
701
676
424
340
402
498
893
805
403
320
302
156
270
454
512
534
459
331
327
287
264
208
161
410
660
645
610
266
242
227
159
134
345
451
437
367
573
202
395
199
154
294
340
342
457
616
526
221
192
200
171
183
438
424
423
586
597
213
125
177
162
207
501
758
598
638
457
528
227
213
301
649
794
552
362
399
197
320
262
236
266
328
373
618
896
674
381
139
225
525
249
351
519
483
633
476
176
169
174
227
269
299
488
839
592
267
151
279
291
514
345
413
760
405
807
556
219
209
185
300
423
665
576
520
479
182
244
271
207
155
370
370
594
527
392
192
261
243
150
179
347
422
535
624
368
158
205
671
393
173
404
325
278
561
355
157
227
221
144
294
449
778
838
740
481
180
273
254
684
558
512
580
557
478
318
252
401
241
169
389
338
399
488
324
480
194
279
342
202
403
285
333
460
401
186
225
252
156
375
393
268
522
520
241
249
273
263
451
416
409
668
895
687
582
393
288
159
451
600
749
198
456
421
191
171
181
153
237
371
373
408
484
556
505
253
149
116
364
504
688
669
626
182
114
160
170
288
369
287
393
600
499
346
151
231
180
244
395
314
234
589
520
138
216
193
355
339
390
449
537
698
385
217
180
241
235
260
441
539
393
472
266
160
171
152
205
319
334
561
485
604
361
202
193
371
146
390
447
255
458
492
279
216
309
239
311
421
409
392
458
351
245
178
199
151
242
535
438
306
402
255
359
296
177
150
300
568
621
570
623
288
140
252
161
314
344
328
429
524
576
148
186
210
223
141
360
448
333
448
482
171
229
304
212
185
387
512
412
516
212
248
288
411
173
333
492
603
437
496
162
399
341
243
204
395
422
285
339
500
146
190
208
131
274
433
443
921
522
383
116
345
334
141
197
398
396
419
517
201
177
285
196
225
354
370
272
542
609
372
433
218
182
226
305
410
454
469
473
322
170
216
316
369
402
513
461
493
446
139
241
241
166
211
415
448
456
605
367
283
440
199
169
311
425
511
527
682
293
204
241
217
253
365
332
308
471
474
171
236
184
182
135
506
362
225
509
505
928
1023
878
132
297
500
708
689
519
267
246
264
217
118
297
388
388
501
647
527
170
193
182
264
349
388
284
417
465
256
370
263
325
329
366
456
621
577
463
528
288
191
261
345
335
406
328
472
378
495
462
569
242
341
381
514
676
690
373
274
365
317
493
803
380
577
712
857
471
188
346
175
184
410
352
309
534
488
322
477
586
279
210
349
334
388
537
460
319
386
271
157
183
411
489
510
524
399
290
180
217
157
340
381
366
320
545
222
212
267
135
181
380
375
222
521
675
292
395
246
203
263
421
338
464
646
504
482
363
197
248
270
398
648
395
490
225
144
264
252
382
479
358
432
724
869
578
153
178
162
167
350
491
675
543
516
375
386
430
284
536
684
702
711
445
443
190
316
412
424
235
417
287
445
630
249
368
313
210
204
477
601
633
583
563
277
487
483
273
182
323
335
256
362
473
181
191
400
307
165
407
455
955
782
553
162
537
685
241
158
398
375
305
523
497
361
463
267
164
236
456
830
709
587
262
119
226
292
177
346
535
1023
663
601
153
246
486
357
199
406
563
615
471
453
391
258
296
324
210
337
464
419
546
522
508
369
207
182
238
501
702
316
600
351
168
184
158
127
411
415
356
390
439
521
233
197
200
161
412
395
495
416
414
312
563
690
578
511
426
797
1023
1023
762
189
388
353
241
204
342
287
527
653
325
305
378
164
164
280
364
444
426
502
207
227
233
257
357
421
443
549
790
715
387
164
209
177
258
529
744
543
412
485
238
174
254
148
422
499
611
543
708
260
314
308
309
183
279
359
388
358
531
241
289
227
207
185
399
383
272
563
547
200
409
236
245
265
383
484
272
382
471
302
150
197
133
194
519
493
464
555
484
564
438
207
121
261
439
516
531
834
428
