1023
1023
921
189
280
155
353
439
845
1023
1023
1023
517
315
228
332
430
706
1023
1023
1023
576
206
214
213
506
811
575
1023
865
287
320
291
775
428
198
345
288
429
687
395
161
308
538
538
463
308
568
501
480
450
567
619
143
176
386
381
583
915
467
736
400
283
204
178
459
664
1023
1023
905
265
357
420
276
176
387
334
392
557
529
974
832
522
613
330
616
910
947
890
917
779
398
185
344
545
676
489
582
651
1023
501
224
238
450
395
774
544
1023
1023
674
190
336
851
1023
1023
999
571
518
343
178
246
316
253
256
473
705
601
728
335
288
245
402
485
499
398
756
858
886
427
257
211
253
516
438
346
292
622
356
253
209
585
180
213
380
341
228
397
192
173
211
300
888
732
893
333
350
500
604
232
758
984
830
688
383
529
697
525
383
645
191
278
403
1023
1023
299
801
555
166
252
222
230
195
516
553
665
491
274
178
192
227
154
199
374
691
1023
645
207
398
592
453
237
384
512
501
494
493
250
287
182
337
200
372
298
291
640
583
236
390
376
270
267
353
352
390
821
678
206
188
278
146
217
510
1023
1023
1023
464
408
768
246
288
314
386
377
523
564
411
675
380
1023
370
461
738
813
831
988
812
641
344
252
990
520
394
393
562
545
250
411
183
244
427
424
315
604
678
311
139
279
512
260
225
406
309
370
492
249
154
327
1023
909
401
389
397
527
1016
542
461
212
212
243
401
561
370
406
792
452
448
463
236
236
423
760
822
663
317
202
310
332
171
318
404
704
698
614
169
287
223
222
330
575
313
455
914
1023
902
214
314
187
229
388
645
1023
1023
613
198
322
287
408
354
348
402
650
803
535
662
320
358
143
210
500
428
875
1023
1023
324
195
390
191
476
560
451
754
796
236
157
291
303
235
410
469
596
786
485
180
318
221
269
220
363
536
495
781
441
181
211
250
478
342
412
1023
602
536
284
270
213
289
166
304
346
395
636
707
463
194
189
144
149
362
371
404
745
498
392
325
435
214
213
388
703
962
470
373
187
235
410
421
436
671
326
999
869
768
494
166
191
195
188
503
696
389
773
806
322
230
218
148
676
333
372
835
997
578
168
196
325
408
346
610
906
981
469
166
175
224
193
169
330
397
407
551
358
185
352
220
208
311
543
501
568
554
219
667
368
499
511
541
480
338
503
646
416
191
313
287
233
446
340
280
375
454
540
740
704
520
232
495
1023
1023
978
495
243
290
207
155
258
473
867
867
814
540
449
390
252
133
336
396
403
885
1023
1023
860
268
144
173
342
555
538
897
721
613
755
462
636
212
383
503
763
1023
1023
557
165
307
293
231
427
469
689
911
540
247
227
322
249
256
349
621
695
625
399
480
279
279
437
1023
317
1023
1023
1008
637
263
271
190
345
360
351
293
750
418
381
441
462
301
186
405
580
1023
716
240
268
217
319
193
397
385
389
682
568
247
539
556
346
222
378
533
445
398
660
844
539
638
807
569
563
437
370
805
835
1015
1023
1023
600
490
558
862
605
745
374
444
245
254
413
236
351
309
442
621
376
393
562
499
158
266
328
326
594
929
731
190
371
182
505
1012
1023
762
507
448
259
145
256
543
390
449
427
578
563
487
530
606
267
224
212
382
385
555
1023
1023
550
297
230
191
351
570
1023
962
549
302
451
211
161
215
377
379
727
706
546
317
410
208
272
176
395
475
787
785
803
369
249
215
231
214
423
610
1001
776
278
376
224
198
216
305
383
352
1019
1023
780
137
563
496
290
375
417
390
577
804
391
394
551
239
298
422
911
1023
512
455
165
441
245
279
211
581
788
666
699
460
165
384
374
282
188
477
553
361
567
351
200
252
167
273
412
375
528
424
484
492
531
842
820
235
397
818
736
732
763
521
212
193
370
437
528
450
390
394
473
415
337
207
204
369
543
532
1023
808
574
283
213
345
592
471
605
780
969
829
212
268
258
500
146
413
641
899
902
739
166
156
252
146
246
433
418
473
502
476
609
285
325
412
219
426
322
485
857
727
501
387
439
212
364
429
706
1023
1023
399
121
245
160
158
323
541
638
682
633
594
695
484
260
217
501
971
936
574
376
205
237
496
425
268
411
369
432
798
398
450
360
269
310
262
337
467
735
812
623
328
382
506
473
472
653
706
491
540
323
382
386
130
179
327
379
377
588
494
209
310
280
204
165
437
839
709
481
277
286
427
457
183
303
411
364
621
701
517
190
292
256
200
368
398
760
894
888
399
290
541
542
163
341
493
606
873
488
268
208
376
162
433
583
536
506
501
455
161
447
230
279
175
503
731
438
523
488
589
221
262
176
289
374
501
584
950
778
178
315
373
198
677
366
732
771
662
784
701
362
238
317
379
579
638
778
674
524
570
258
165
183
445
514
670
605
510
549
415
409
503
255
625
679
772
732
424
378
371
205
253
495
434
744
869
968
236
174
217
182
486
470
476
698
639
354
216
243
183
163
237
369
334
358
739
544
370
305
357
168
251
432
662
654
772
630
287
357
408
222
351
562
780
731
476
316
234
178
397
179
377
295
513
523
456
700
521
361
167
231
398
638
580
660
415
179
228
261
160
203
470
327
527
728
591
433
188
240
180
375
305
555
691
525
267
296
276
287
187
381
559
782
837
581
204
626
303
153
192
461
658
621
716
540
404
227
181
124
185
366
365
752
732
515
541
419
220
140
207
338
613
753
792
355
509
317
205
215
356
452
649
986
814
595
413
486
227
164
439
533
697
706
598
283
331
250
163
248
448
581
607
891
618
587
341
236
211
228
416
394
583
614
358
192
315
185
198
324
532
561
654
702
302
196
251
185
193
331
273
376
525
482
332
278
192
223
215
354
399
463
570
412
242
208
207
208
209
433
504
569
656
450
486
377
146
229
327
360
488
632
632
385
315
221
203
177
386
462
802
619
497
396
221
241
149
157
397
474
613
807
556
420
305
252
160
207
456
688
655
721
523
397
273
176
143
241
406
546
764
684
488
262
170
226
174
348
569
587
661
556
336
221
187
146
186
406
611
691
687
545
361
246
215
151
241
432
515
597
740
628
428
294
237
178
232
438
638
667
619
458
347
278
213
169
312
465
501
631
599
356
303
218
181
164
332
533
628
670
523
317
259
236
186
186
410
555
527
679
467
317
255
190
179
165
417
624
712
711
334
287
215
169
143
337
428
570
585
580
383
303
212
162
159
365
494
692
710
622
320
255
208
163
163
351
449
608
694
501
326
298
240
149
189
371
578
624
694
461
274
175
196
174
233
502
563
610
664
395
305
274
202
241
319
411
476
644
580
397
274
208
177
181
359
542
522
635
535
322
266
147
148
231
401
571
701
721
372
135
213
156
145
252
424
570
666
639
451
348
259
228
200
308
507
598
805
581
394
175
229
179
146
322
466
515
633
566
334
291
221
129
191
339
495
606
661
471
340
226
236
146
225
431
521
588
673
443
377
294
202
190
339
481
633
657
614
349
293
262
184
156
378
497
570
614
581
419
338
246
206
143
392
520
654
711
558
322
231
234
126
190
401
548
639
650
409
307
333
208
111
273
452
447
594
700
425
229
200
191
183
375
506
568
635
572
379
236
171
169
198
351
524
593
692
490
396
291
210
177
202
448
561
592
699
492
378
211
195
144
296
379
607
601
588
338
224
176
161
221
321
525
579
636
624
339
278
204
162
171
326
448
571
698
586
353
236
247
117
187
336
560
568
689
482
343
225
206
138
203
464
665
766
585
359
177
181
182
157
318
462
543
699
541
354
257
230
191
145
380
464
567
669
548
320
311
257
152
199
351
559
623
773
513
339
320
219
149
166
410
547
694
710
457
308
253
182
123
310
425
533
645
565
379
277
266
242
176
287
401
507
665
584
410
280
213
153
193
388
477
526
650
477
336
224
211
208
222
417
594
601
710
511
367
223
217
157
323
526
624
613
642
421
270
225
203
157
364
374
611
669
569
339
293
215
147
154
366
524
602
650
566
292
251
202
172
138
383
527
664
680
385
214
267
228
135
201
485
524
627
622
397
293
233
191
188
382
457
543
625
575
382
294
228
179
281
455
548
490
647
546
307
279
263
170
210
374
537
544
727
480
339
249
189
139
148
406
506
640
733
493
308
204
169
141
288
416
583
713
570
389
251
229
154
160
324
439
549
663
576
383
280
219
155
161
415
514
586
675
487
400
264
199
153
175
390
559
596
604
445
392
221
183
237
337
448
623
729
703
373
295
238
147
172
375
423
580
657
619
415
340
287
181
164
387
517
627
720
493
262
223
208
190
174
361
509
707
717
495
293
263
159
145
210
430
525
677
661
441
279
237
186
189
329
405
496
679
581
336
208
222
197
204
349
418
622
733
550
370
287
188
177
209
402
542
552
724
370
319
301
210
114
181
435
523
637
660
314
285
299
185
138
329
436
618
669
643
360
287
179
182
151
358
489
544
639
509
355
234
180
177
205
327
490
519
644
457
309
340
294
200
193
439
541
633
622
385
285
266
204
125
261
421
559
624
607
345
262
225
163
162
338
551
645
788
541
234
214
211
154
157
378
543
674
641
507
284
327
199
157
242
431
