207
191
148
251
390
579
622
616
341
260
233
171
160
330
511
521
596
544
353
268
217
142
168
374
469
538
691
493
330
217
214
114
210
414
501
486
645
476
326
305
219
140
222
393
480
607
621
382
282
210
184
115
321
450
510
612
622
355
316
212
148
151
350
491
540
663
491
327
248
191
152
155
405
478
543
610
442
322
304
208
139
160
371
521
634
627
419
270
223
199
127
384
373
466
575
593
399
255
239
171
208
288
403
500
646
566
352
259
203
162
151
375
468
473
652
476
328
268
190
179
172
393
472
520
632
403
300
228
188
147
262
382
504
545
586
344
259
234
154
184
319
390
569
625
559
307
293
238
126
188
345
414
535
621
471
318
243
193
145
216
373
502
588
624
432
270
188
161
150
181
371
500
574
660
436
266
241
175
147
302
430
475
620
614
364
265
223
177
138
341
451
500
621
533
326
295
203
138
182
374
529
551
659
444
288
230
166
147
179
412
516
584
586
396
273
283
191
148
342
387
526
698
610
390
260
223
145
149
395
392
479
615
548
342
266
257
152
157
347
453
550
625
444
318
223
232
164
170
424
513
518
678
419
351
256
211
118
271
442
528
602
625
389
263
197
166
107
385
443
523
534
549
310
273
238
122
165
395
437
556
679
515
312
261
187
157
157
401
503
519
637
456
325
274
234
126
176
366
486
654
649
391
234
218
190
108
307
399
555
611
565
382
281
211
144
167
301
438
527
624
501
345
268
191
132
155
400
495
496
598
439
299
204
186
194
174
381
534
590
604
374
241
170
157
160
346
377
532
608
608
362
247
251
190
144
336
432
564
704
552
350
238
216
146
132
372
481
514
641
533
324
256
204
123
157
398
463
554
650
430
288
235
221
117
282
455
534
560
593
390
339
173
170
179
333
429
538
671
549
311
242
188
176
151
389
445
520
633
529
294
259
182
184
211
423
504
583
676
436
295
276
237
147
191
394
442
600
628
436
318
271
201
162
259
379
520
656
576
360
262
238
160
177
275
463
498
618
514
333
251
173
119
175
381
496
506
645
428
309
229
210
175
205
403
499
530
593
371
317
267
206
207
334
382
515
632
572
341
272
230
149
138
338
406
528
657
546
311
273
218
156
163
351
508
604
672
490
321
222
218
154
146
376
554
596
643
453
289
264
162
182
236
411
521
579
573
371
215
176
215
184
405
450
498
586
544
328
245
214
151
161
414
483
519
707
468
364
232
222
133
199
403
538
583
616
422
302
256
171
178
219
397
591
674
583
404
299
266
155
126
315
459
513
624
603
376
281
246
161
147
368
451
539
657
488
349
300
228
151
215
406
502
488
618
368
326
224
186
164
203
419
530
650
641
374
294
299
199
162
345
412
525
574
603
290
332
241
195
238
373
440
534
700
509
321
274
306
145
130
355
465
510
633
494
237
251
178
157
221
388
509
622
789
401
280
271
307
130
276
424
458
604
598
382
263
213
236
113
385
436
491
686
675
342
260
198
248
156
393
450
346
603
483
330
232
199
135
160
444
519
510
666
391
287
226
207
170
217
391
533
482
641
392
261
209
199
141
286
545
545
647
519
295
196
203
135
188
306
454
522
668
560
349
221
220
171
206
384
494
543
629
448
305
215
216
121
229
405
478
561
566
376
277
250
178
144
295
428
539
640
619
356
256
224
147
159
396
457
542
655
548
324
295
232
165
145
403
519
566
605
485
292
247
174
139
135
439
490
572
632
419
271
255
146
153
265
399
498
599
603
398
248
217
178
206
354
437
472
651
617
407
300
226
202
138
392
464
518
654
462
353
233
186
169
159
358
496
505
641
415
324
252
187
145
263
364
557
621
577
360
268
220
126
130
327
411
558
590
560
339
306
170
160
172
346
438
547
663
504
316
204
187
158
143
400
466
516
647
448
311
221
197
116
202
397
494
591
651
449
289
245
187
143
319
387
461
594
568
362
254
216
164
160
329
459
488
616
521
267
194
207
161
147
339
487
551
619
462
299
255
180
156
213
375
534
640
628
403
244
241
144
121
353
465
482
641
576
388
256
251
148
160
329
407
538
633
496
364
243
231
167
209
406
437
529
596
453
350
228
186
170
211
402
511
554
667
436
293
231
179
125
256
407
537
544
644
381
323
248
188
114
358
417
569
611
521
306
274
207
167
122
381
457
556
648
577
357
320
211
150
144
366
424
560
685
432
278
232
186
148
166
378
484
578
666
387
309
246
164
150
292
423
514
643
649
377
273
185
154
146
352
437
480
602
515
343
265
193
182
159
356
466
500
637
419
285
222
166
127
177
434
518
531
634
410
301
219
155
173
318
413
537
624
638
378
229
208
163
169
372
423
498
657
525
368
240
238
187
195
349
450
453
609
434
281
212
183
158
147
383
509
524
600
408
316
267
163
144
257
428
506
647
636
373
294
183
190
142
353
530
554
578
549
346
278
164
127
214
386
482
593
659
489
308
267
208
149
149
407
481
546
619
461
299
275
191
131
264
350
464
605
623
402
265
242
169
147
316
400
460
623
605
382
293
205
149
190
308
443
551
682
552
347
234
173
142
189
321
488
549
665
471
386
269
224
138
199
402
557
563
607
337
297
208
164
153
302
415
498
574
613
362
284
228
166
171
364
395
565
655
573
332
231
201
187
178
402
470
539
653
487
339
223
220
177
157
373
514
582
695
442
291
227
200
114
224
405
507
563
590
377
296
232
154
155
331
453
526
650
524
343
263
169
182
149
396
509
512
613
475
334
242
134
137
229
398
509
539
579
371
217
214
212
173
184
365
489
619
613
415
333
235
208
159
351
391
504
642
575
363
263
243
160
133
324
416
498
632
494
334
248
202
150
162
323
504
539
653
429
299
238
165
135
175
431
513
550
637
399
317
250
184
138
331
410
604
632
587
324
266
209
178
165
387
389
533
644
532
328
261
238
172
193
376
449
581
639
498
284
227
191
132
155
377
496
613
677
476
342
250
199
142
261
403
521
647
642
406
264
197
148
158
341
432
498
583
575
358
271
191
196
189
356
494
513
647
431
331
262
186
163
210
422
476
469
630
415
300
219
219
159
247
404
535
647
668
371
289
229
173
173
338
396
512
636
567
366
235
238
185
138
330
443
531
685
528
333
235
218
141
183
348
517
497
598
414
319
252
194
133
187
393
488
567
597
330
276
252
206
174
321
436
494
602
612
310
269
229
175
192
376
450
582
701
550
324
275
256
133
140
395
451
541
631
506
264
258
213
169
175
350
487
600
680
432
259
241
179
138
248
404
484
650
568
396
266
208
213
129
339
445
516
664
567
368
235
151
211
172
399
460
440
603
451
351
280
189
165
222
404
510
497
625
468
314
243
218
210
251
364
554
542
628
432
311
239
193
119
333
445
556
620
614
455
260
235
141
189
349
500
524
577
505
365
230
196
132
211
361
555
546
691
450
456
239
210
138
231
454
463
546
531
421
300
202
229
148
308
433
580
614
549
357
358
236
154
141
342
427
525
649
486
316
277
213
199
173
407
499
680
708
444
303
283
227
121
159
353
501
588
605
412
279
226
192
123
279
365
476
595
533
307
218
255
133
126
340
398
505
601
487
352
254
230
184
178
368
481
514
656
477
342
249
200
150
177
425
433
522
644
416
341
291
197
166
275
399
542
583
644
382
286
227
151
141
336
411
512
580
528
363
265
215
169
127
366
437
539
631
511
314
260
215
129
130
392
496
527
631
449
305
204
174
149
181
373
504
627
691
403
284
208
194
171
292
423
529
619
653
415
293
268
214
189
361
472
497
619
501
337
258
219
160
159
365
479
511
627
439
313
261
225
125
172
385
577
619
692
395
270
249
152
156
277
457
537
619
550
358
246
217
177
120
366
441
552
674
512
330
206
215
160
188
417
460
483
591
477
336
242
223
150
182
364
490
579
607
392
306
218
191
115
261
411
517
610
646
373
305
258
148
160
385
402
484
630
550
336
256
177
142
178
392
472
525
564
539
311
297
181
145
146
378
488
546
683
445
282
261
225
181
225
429
482
566
583
402
266
217
159
193
313
402
497
632
595
366
261
170
157
175
381
434
511
653
563
378
313
209
149
163
326
511
577
632
431
332
226
210
139
157
375
527
531
620
373
289
214
197
158
318
426
566
601
563
340
266
209
141
157
367
457
612
686
565
356
282
213
229
183
388
483
586
687
485
321
228
227
173
174
389
449
525
687
464
288
270
209
179
295
432
504
602
601
350
269
181
163
140
301
462
525
625
559
357
283
203
153
168
386
513
574
652
453
309
248
159
111
188
439
512
563
580
425
277
262
148
157
222
371
533
658
610
395
264
249
179
186
367
405
489
560
590
384
290
243
150
161
365
383
454
651
446
330
221
199
134
180
338
496
543
697
463
325
276
161
155
207
440
526
593
624
407
293
217
162
157
310
400
541
553
580
342
289
236
133
204
349
423
556
658
572
309
247
194
101
186
380
435
534
681
448
303
209
214
127
170
355
530
633
667
393
307
214
201
143
254
370
533
593
623
411
282
223
197
133
330
451
505
622
