339
246
200
173
221
444
639
680
728
456
336
185
144
117
210
430
644
681
683
427
303
174
169
148
312
504
672
690
618
360
271
204
117
168
303
518
661
662
549
320
266
193
107
143
391
610
736
683
493
323
202
172
121
180
427
668
716
722
424
303
227
163
139
292
467
625
716
579
393
245
258
161
173
357
455
615
666
503
355
228
188
110
176
395
626
659
726
453
310
204
216
157
146
391
622
707
673
477
302
270
177
107
277
458
670
749
762
417
237
183
149
126
333
490
583
707
565
370
233
182
140
167
418
581
669
697
576
359
241
190
199
187
373
598
598
627
456
310
216
166
115
218
461
610
702
592
454
271
192
143
197
305
477
645
610
629
396
267
220
123
163
369
578
681
678
583
441
240
181
133
180
352
556
659
608
499
313
223
151
119
174
395
682
741
632
465
418
187
143
146
273
415
621
712
560
410
270
213
219
174
304
528
761
713
589
375
346
202
116
197
322
572
611
644
427
360
219
187
168
165
392
647
821
652
449
306
207
144
147
203
377
696
670
662
427
279
234
124
145
307
530
692
854
607
362
238
168
143
141
424
484
635
714
551
355
223
232
104
187
413
596
681
758
485
328
200
205
136
171
402
604
684
634
425
321
215
155
153
256
443
680
749
609
371
272
214
161
146
351
506
660
648
537
374
270
173
155
184
399
588
715
624
495
304
240
170
139
212
415
568
686
655
480
284
248
143
146
306
429
610
694
582
416
255
179
166
153
363
462
609
721
555
379
244
222
183
189
353
604
656
715
507
360
247
192
118
159
391
603
626
620
451
313
248
160
114
236
455
672
692
688
408
243
202
123
203
290
512
657
644
624
383
254
197
157
169
339
547
697
704
511
324
223
187
151
181
364
584
677
694
495
317
211
212
120
191
408
621
739
647
459
310
206
161
126
272
462
633
714
659
429
280
218
124
141
340
488
654
724
537
345
250
164
137
214
368
582
660
658
476
330
222
196
144
190
458
650
764
659
442
274
229
161
162
251
460
616
713
644
437
287
214
140
147
276
504
649
713
595
396
219
220
135
206
307
499
635
695
510
356
241
204
88
171
373
644
683
698
464
326
199
163
143
190
425
646
652
656
424
280
211
138
167
322
462
672
669
599
343
279
167
186
205
352
492
664
681
575
345
285
240
169
162
356
562
674
661
510
304
228
198
171
234
369
612
716
651
470
333
214
184
159
269
455
641
723
649
403
226
189
148
147
325
523
625
675
533
386
232
214
168
167
357
633
671
658
470
334
221
155
193
174
431
607
634
630
443
310
195
159
153
269
499
689
746
616
392
247
201
177
188
312
540
691
710
617
386
281
193
129
144
339
549
675
736
557
344
233
189
139
150
334
587
635
622
454
340
219
178
118
161
425
647
720
625
429
295
179
155
147
293
504
670
646
570
400
322
233
171
195
363
548
700
691
553
343
255
144
179
179
372
555
668
680
536
328
252
139
144
157
417
600
712
655
466
270
227
169
125
215
418
598
709
616
422
257
221
159
169
288
445
634
742
553
371
241
180
127
172
333
561
623
674
494
347
205
156
149
198
393
657
666
670
453
334
229
179
141
196
443
631
665
640
399
271
205
153
134
312
529
683
701
581
338
199
194
141
145
303
571
663
696
560
362
244
212
104
150
393
614
697
719
500
309
192
163
121
209
424
583
677
595
447
307
231
200
139
295
447
644
690
570
391
255
210
134
143
382
554
655
708
567
346
253
209
139
166
394
617
726
716
476
296
239
207
178
154
457
617
710
678
470
318
225
165
117
207
477
641
748
644
413
242
199
150
125
267
477
615
694
575
407
283
189
144
140
337
597
655
719
505
364
219
149
153
205
414
607
638
656
469
311
258
192
158
194
442
667
715
669
405
303
234
178
171
305
491
622
638
642
380
262
185
200
160
328
451
663
693
535
320
234
174
107
135
356
588
694
668
514
336
203
152
98
176
403
624
767
672
448
276
220
148
194
264
472
597
694
596
396
264
193
159
165
340
499
621
666
532
336
205
209
142
174
375
587
630
694
481
310
280
192
100
158
438
672
724
709
438
295
197
145
133
169
455
618
727
680
418
257
202
128
136
345
544
680
755
595
380
231
188
142
181
360
587
645
678
532
366
257
186
118
187
417
610
669
655
469
316
204
161
166
204
378
630
670
649
421
313
237
132
125
305
508
706
701
614
412
283
193
134
162
366
518
689
660
616
396
306
220
123
184
394
609
708
692
492
368
230
179
130
255
383
562
691
592
476
270
230
187
172
296
444
643
741
607
403
303
188
171
187
285
489
636
695
567
388
273
211
175
168
344
574
666
671
505
346
294
153
128
179
366
614
634
693
363
321
239
182
211
186
481
683
761
661
404
274
259
123
155
305
470
654
690
605
255
222
213
153
214
371
540
670
784
492
283
179
226
148
195
395
516
639
681
495
227
229
181
114
309
422
613
707
687
433
275
195
250
140
255
445
556
713
584
390
244
206
134
123
440
584
706
700
573
350
245
173
166
154
436
607
590
631
495
321
265
157
138
196
495
624
752
655
464
291
229
144
130
254
427
590
589
617
431
261
217
131
163
343
513
639
741
532
385
242
218
129
154
332
586
660
735
551
394
283
185
126
185
411
627
679
672
467
312
231
135
118
235
413
642
653
665
412
287
246
147
147
317
520
680
692
639
367
266
173
161
166
327
484
634
693
544
341
222
181
151
143
365
583
714
693
478
305
220
201
150
180
405
604
690
678
466
308
229
158
126
259
472
630
712
604
410
262
197
136
130
335
472
613
672
537
366
246
181
136
138
381
610
657
685
451
268
196
181
141
195
440
642
680
634
444
287
243
209
129
262
500
671
784
660
423
260
209
151
196
283
509
606
693
590
383
265
191
178
167
299
550
651
710
495
361
229
185
123
206
392
622
656
648
463
365
223
154
154
195
466
667
730
617
416
302
192
117
156
316
475
648
674
626
368
286
185
114
190
391
533
699
711
585
347
264
208
127
210
385
558
702
700
565
368
275
185
124
151
382
614
729
668
450
284
206
145
125
226
421
617
701
645
437
264
257
124
151
282
540
654
703
570
354
247
205
123
213
324
598
608
647
478
354
222
156
133
151
363
659
684
663
433
308
214
154
129
236
457
661
695
618
435
254
210
182
138
322
514
709
762
609
386
214
200
127
164
318
541
646
718
576
349
236
182
95
164
387
568
634
616
438
262
188
218
135
181
389
630
706
620
431
280
185
197
119
316
475
670
718
594
395
270
157
131
167
365
504
653
651
570
370
291
202
150
149
393
612
738
668
520
318
257
175
128
199
431
590
679
672
470
306
247
187
88
215
461
644
724
605
419
259
207
140
171
303
493
620
679
543
391
234
198
127
189
395
586
671
681
484
344
223
163
170
236
389
647
671
687
489
375
247
196
135
226
458
660
697
689
410
280
225
165
178
267
500
665
658
618
369
251
206
172
161
296
539
717
716
532
342
217
183
110
169
372
622
658
688
493
319
199
186
122
165
408
606
730
612
453
284
200
164
148
273
429
585
663
591
394
277
195
157
192
363
507
638
718
579
344
235
178
154
218
372
587
673
705
501
310
238
172
118
160
436
595
696
658
389
251
188
165
145
197
461
606
720
631
428
253
227
117
161
305
519
657
708
561
385
237
201
155
168
393
523
614
665
503
359
197
196
129
175
399
633
674
719
455
315
209
165
129
241
452
665
676
676
432
311
229
147
135
316
486
685
682
638
386
280
210
105
143
323
544
649
635
575
329
251
186
92
162
355
590
726
658
507
319
213
176
134
189
386
651
795
699
496
294
248
181
196
269
458
632
765
602
416
264
232
157
173
322
474
605
671
562
381
242
188
171
196
344
617
642
666
478
346
220
170
146
153
406
634
663
679
441
292
236
151
111
239
496
682
740
642
420
262
224
155
158
331
500
645
719
601
382
231
193
114
173
342
534
684
708
534
363
231
195
141
210
407
559
638
625
477
325
236
209
137
225
416
599
657
610
368
280
160
150
173
294
487
652
665
630
389
279
193
148
154
368
569
700
703
537
373
254
172
101
151
389
555
670
658
533
311
225
182
138
187
413
624
745
650
480
287
199
154
134
270
466
607
706
624
420
267
205
165
177
308
533
678
748
552
378
261
215
149
190
327
579
621
669
481
371
254
174
115
215
378
642
688
620
435
304
235
161
163
202
414
680
706
684
429
314
246
130
183
296
519
703
734
599
370
244
236
140
156
383
510
650
709
538
313
240
206
156
194
397
618
706
763
487
321
226
227
184
207
405
574
678
620
436
243
207
172
139
312
415
646
702
650
383
249
176
178
134
332
498
635
695
560
362
225
204
127
162
440
607
706
685
543
327
231
146
211
196
439
591
693
657
462
292
256
153
111
256
557
577
723
582
414
249
209
147
216
352
454
591
610
562
381
242
191
159
155
335
646
690
728
492
495
245
211
120
193
365
608
634
659
472
324
206
214
93
243
455
737
698
665
409
355
196
124
127
315
512
646
633
562
375
275
194
143
125
323
534
