med1	
34	
35	
35	
51	
34	
31	
30	
36	
26	
31	
29	
26	
29	
30	
39	
31	
23	
25	
38	
43	
27	
31	
38	
50	
41	
34	
33	
43	
38	
28	
28	
24	
24	
16	
28	
39	
30	
28	
28	
30	
26	
33	
45	
40	
36	
37	
33	
41	
49	
36	
29	
30	
26	
27	
29	
30	
30	
29	
31	
31	
37	
37	
43	
45	
38	
41	
37	
34	
29	
31	
25	
24	
32	
29	
24	
42	
43	
28	
33	
44	
53	
36	
32	
55	
39	
38	
26	
26	
29	
31	
29	
26	
34	
32	
27	
33	
26	
26	
27	
49	
52	
45	
37	
27	
24	
23	
23	
49	
46	
41	
42	
31	
29	
35	
30	
32	
29	
25	
30	
46	
39	
19	
29	
33	
33	
31	
40	
95	
68	
35	
26	
31	
26	
28	
29	
27	
33	
31	
31	
38	
42	
39	
38	
42	
34	
32	
33	
33	
22	
37	
23	
30	
29	
38	
27	
33	
50	
45	
49	
52	
31	
45	
48	
35	
22	
62	
31	
38	
28	
29	
43	
35	
22	
30	
30	
39	
27	
31	
34	
42	
41	
39	
38	
46	
28	
34	
28	
40	
61	
28	
28	
40	
37	
41	
32	
44	
33	
32	
36	
40	
39	
38	
39	
42	
34	
49	
31	
14	
21	
25	
39	
36	
29	
31	
33	
34	
34	
28	
48	
40	
32	
35	
29	
30	
28	
29	
31	
34	
24	
26	
23	
38	
27	
32	
35	
50	
41	
37	
42	
55	
38	
34	
29	
35	
27	
27	
28	
29	
27	
30	
26	
36	
28	
28	
35	
51	
46	
53	
53	
69	
40	
29	
28	
43	
23	
24	
25	
30	
33	
29	
29	
37	
32	
30	
38	
44	
30	
31	
31	
57	
29	
29	
35	
63	
40	
22	
32	
46	
31	
25	
27	
37	
31	
34	
40	
44	
45	
48	
45	
51	
32	
31	
30	
32	
29	
29	
39	
39	
28	
28	
30	
28	
35	
55	
57	
46	
41	
34	
37	
33	
42	
28	
44	
52	
28	
29	
34	
41	
29	
25	
22	
78	
58	
30	
29	
37	
92	
43	
85	
153	
39	
28	
218	
164	
30	
48	
26	
96	
46	
329	
505	
515	
406	
336	
715	
767	
307	
27	
390	
61	
827	
998	
679	
188	
245	
200	
90	
321	
276	
140	
665	
907	
518	
87	
1023	
1023	
463	
239	
928	
1008	
1023	
1023	
1023	
265	
67	
294	
256	
233	
133	
331	
269	
344	
631	
1023	
388	
104	
442	
126	
783	
831	
101	
232	
47	
238	
166	
358	
157	
409	
413	
72	
1023	
455	
267	
395	
181	
383	
68	
191	
400	
1023	
957	
391	
121	
624	
657	
470	
155	
101	
155	
399	
614	
671	
1023	
739	
168	
405	
1023	
914	
254	
389	
301	
109	
490	
503	
643	
624	
304	
181	
47	
655	
239	
45	
224	
199	
279	
666	
254	
564	
866	
501	
302	
120	
129	
412	
138	
209	
883	
63	
39	
42	
477	
239	
1023	
113	
439	
315	
208	
463	
204	
530	
153	
692	
1009	
839	
213	
570	
543	
125	
745	
70	
462	
1023	
1023	
1023	
80	
509	
929	
1023	
1023	
470	
142	
1023	
640	
174	
453	
560	
90	
97	
390	
516	
352	
42	
701	
144	
887	
734	
128	
883	
935	
433	
102	
335	
764	
98	
1023	
710	
1023	
96	
714	
278	
446	
615	
55	
75	
444	
99	
368	
779	
181	
457	
57	
323	
1023	
752	
297	
134	
332	
277	
185	
706	
825	
454	
753	
338	
747	
123	
364	
289	
545	
60	
626	
165	
370	
612	
410	
399	
79	
286	
733	
507	
63	
311	
117	
85	
127	
263	
426	
58	
673	
890	
106	
882	
1023	
741	
180	
117	
202	
210	
261	
70	
538	
826	
41	
310	
57	
595	
162	
102	
68	
256	
182	
33	
231	
87	
474	
64	
609	
147	
618	
167	
465	
346	
154	
178	
120	
972	
793	
398	
174	
854	
456	
383	
62	
72	
196	
81	
55	
42	
145	
44	
65	
98	
477	
233	
196	
117	
327	
146	
57	
631	
353	
70	
72	
654	
705	
40	
432	
92	
314	
285	
516	
130	
730	
338	
69	
470	
42	
80	
435	
186	
53	
76	
86	
43	
69	
88	
56	
160	
316	
420	
55	
250	
289	
180	
485	
462	
56	
561	
551	
397	
54	
318	
334	
44	
131	
184	
466	
649	
204	
800	
679	
324	
144	
363	
420	
304	
284	
394	
125	
531	
123	
140	
78	
33	
60	
417	
158	
91	
258	
238	
453	
362	
196	
34	
202	
94	
38	
272	
306	
96	
140	
522	
165	
66	
53	
94	
48	
157	
59	
37	
111	
45	
176	
67	
66	
20	
120	
92	
92	
427	
456	
190	
772	
160	
136	
55	
133	
67	
38	
67	
139	
286	
146	
220	
518	
115	
296	
656	
335	
473	
538	
95	
34	
79	
110	
83	
129	
344	
326	
432	
233	
56	
94	
164	
205	
293	
397	
135	
107	
304	
157	
435	
31	
157	
514	
117	
49	
186	
468	
485	
406	
230	
54	
52	
204	
320	
59	
269	
355	
60	
239	
189	
196	
270	
307	
142	
408	
106	
103	
86	
52	
37	
145	
49	
118	
194	
188	
53	
46	
240	
309	
53	
222	
202	
154	
134	
240	
80	
63	
102	
306	
47	
188	
45	
491	
78	
112	
591	
287	
218	
291	
317	
69	
84	
50	
113	
60	
109	
88	
219	
355	
79	
58	
36	
78	
43	
212	
107	
38	
74	
171	
170	
307	
260	
79	
58	
33	
227	
127	
414	
67	
132	
548	
115	
62	
315	
367	
328	
764	
369	
419	
59	
146	
108	
290	
155	
53	
333	
58	
356	
335	
40	
96	
284	
70	
153	
266	
40	
199	
322	
97	
439	
106	
138	
47	
44	
281	
238	
85	
403	
263	
347	
262	
201	
51	
138	
130	
168	
103	
75	
214	
46	
92	
134	
67	
43	
67	
41	
229	
99	
89	
45	
196	
393	
356	
793	
115	
274	
66	
305	
54	
510	
90	
202	
582	
528	
664	
402	
47	
34	
127	
491	
72	
41	
317	
541	
78	
276	
270	
142	
34	
282	
253	
83	
45	
95	
48	
64	
92	
449	
58	
53	
455	
66	
300	
177	
116	
142	
261	
52	
44	
44	
50	
502	
57	
281	
69	
202	
81	
47	
59	
40	
58	
100	
34	
188	
213	
46	
158	
293	
