med1	
19	
18	
20	
18	
21	
19	
21	
23	
19	
22	
20	
17	
19	
25	
31	
25	
25	
20	
25	
25	
18	
23	
20	
22	
24	
23	
24	
20	
24	
24	
19	
25	
33	
21	
16	
17	
24	
23	
22	
22	
21	
24	
29	
31	
25	
30	
32	
24	
21	
23	
25	
23	
25	
25	
27	
21	
23	
24	
18	
18	
25	
28	
25	
41	
36	
25	
28	
28	
24	
23	
22	
24	
24	
23	
24	
35	
48	
37	
30	
36	
39	
34	
35	
39	
39	
33	
31	
37	
37	
24	
26	
26	
23	
23	
27	
24	
27	
29	
31	
30	
33	
28	
30	
34	
26	
27	
25	
23	
29	
26	
24	
21	
19	
19	
19	
28	
23	
21	
29	
30	
45	
41	
29	
36	
42	
28	
23	
21	
25	
21	
23	
22	
23	
23	
19	
16	
25	
24	
19	
28	
35	
29	
27	
33	
32	
29	
28	
21	
22	
20	
20	
19	
20	
21	
23	
23	
21	
19	
20	
25	
32	
29	
32	
38	
33	
24	
24	
25	
20	
17	
22	
17	
23	
20	
19	
21	
21	
21	
24	
27	
27	
27	
22	
21	
22	
25	
21	
24	
23	
23	
24	
19	
18	
18	
19	
19	
22	
21	
24	
25	
26	
27	
25	
26	
22	
18	
22	
29	
23	
20	
21	
22	
22	
23	
19	
22	
26	
23	
22	
26	
25	
27	
23	
28	
28	
22	
18	
18	
23	
20	
20	
21	
25	
21	
23	
27	
23	
20	
28	
19	
28	
24	
28	
24	
23	
21	
25	
24	
22	
16	
15	
12	
29	
19	
23	
32	
41	
25	
25	
21	
51	
28	
21	
20	
33	
19	
21	
23	
26	
23	
21	
17	
23	
18	
20	
25	
42	
28	
30	
25	
36	
23	
24	
28	
36	
18	
19	
19	
43	
25	
21	
22	
16	
16	
27	
37	
29	
50	
27	
23	
28	
29	
31	
24	
12	
18	
19	
18	
13	
19	
19	
21	
22	
21	
25	
25	
51	
26	
21	
22	
30	
27	
24	
21	
16	
24	
25	
18	
10	
18	
20	
18	
19	
22	
30	
23	
52	
30	
26	
44	
51	
44	
28	
20	
36	
24	
22	
22	
32	
22	
23	
16	
19	
19	
27	
23	
67	
22	
28	
24	
20	
19	
112	
116	
28	
19	
30	
89	
23	
45	
69	
49	
51	
142	
140	
58	
48	
159	
70	
30	
42	
56	
10	
99	
51	
23	
75	
21	
27	
47	
24	
92	
221	
77	
283	
152	
56	
438	
480	
432	
287	
104	
155	
521	
111	
65	
549	
779	
634	
516	
567	
166	
131	
167	
102	
68	
262	
679	
444	
498	
352	
96	
25	
236	
270	
1023	
874	
127	
617	
574	
224	
235	
498	
727	
672	
422	
375	
928	
718	
556	
779	
619	
589	
672	
517	
567	
644	
1023	
681	
819	
1023	
777	
426	
206	
542	
462	
231	
650	
986	
551	
874	
917	
115	
453	
732	
1012	
1023	
494	
605	
1023	
579	
288	
351	
130	
580	
1023	
933	
46	
253	
72	
157	
381	
238	
171	
63	
91	
127	
77	
94	
637	
199	
43	
175	
1023	
400	
82	
714	
556	
368	
487	
572	
784	
1023	
958	
359	
162	
586	
433	
154	
686	
156	
273	
29	
61	
19	
69	
154	
125	
39	
293	
328	
304	
307	
560	
652	
460	
82	
82	
501	
314	
450	
662	
288	
122	
196	
40	
316	
937	
419	
648	
405	
124	
235	
138	
514	
459	
365	
31	
197	
451	
76	
713	
145	
468	
254	
597	
125	
374	
681	
371	
133	
886	
585	
144	
78	
39	
111	
412	
824	
240	
298	
75	
228	
153	
73	
344	
243	
226	
90	
143	
37	
278	
143	
45	
31	
133	
345	
73	
280	
442	
511	
520	
454	
693	
434	
246	
137	
190	
392	
625	
172	
272	
531	
102	
173	
605	
381	
44	
148	
188	
136	
251	
126	
102	
53	
274	
350	
405	
560	
527	
482	
734	
37	
166	
146	
48	
30	
182	
69	
254	
63	
394	
103	
35	
214	
71	
233	
592	
59	
219	
53	
310	
402	
37	
122	
84	
48	
492	
136	
36	
97	
240	
340	
79	
362	
162	
643	
36	
574	
726	
267	
131	
190	
520	
587	
251	
194	
40	
376	
214	
71	
44	
59	
95	
146	
356	
424	
303	
169	
108	
208	
51	
301	
77	
30	
583	
637	
199	
72	
195	
98	
238	
162	
32	
67	
29	
144	
427	
359	
69	
327	
424	
204	
175	
88	
409	
156	
167	
264	
34	
229	
327	
868	
91	
719	
460	
191	
258	
61	
345	
424	
342	
68	
883	
254	
47	
95	
108	
50	
57	
33	
364	
109	
201	
39	
32	
67	
236	
80	
204	
81	
111	
35	
363	
118	
41	
29	
39	
229	
104	
29	
58	
351	
169	
63	
272	
75	
30	
36	
270	
277	
50	
545	
317	
132	
150	
260	
208	
300	
304	
256	
128	
127	
114	
318	
715	
237	
24	
355	
293	
652	
1023	
731	
313	
42	
162	
146	
279	
236	
344	
60	
161	
321	
286	
345	
132	
686	
259	
75	
111	
213	
246	
47	
168	
170	
258	
341	
648	
56	
300	
196	
53	
92	
166	
245	
145	
35	
120	
133	
238	
475	
299	
62	
31	
130	
225	
264	
24	
242	
246	
234	
157	
264	
157	
261	
53	
221	
82	
43	
46	
230	
41	
297	
107	
149	
42	
41	
55	
79	
191	
88	
55	
58	
37	
107	
241	
132	
40	
482	
213	
607	
365	
70	
106	
47	
21	
299	
191	
319	
286	
132	
36	
93	
370	
399	
80	
307	
247	
54	
204	
473	
354	
539	
236	
418	
161	
182	
117	
89	
228	
49	
268	
211	
63	
117	
384	
36	
128	
85	
39	
108	
34	
713	
499	
40	
92	
139	
358	
396	
32	
389	
75	
55	
105	
564	
496	
212	
72	
265	
215	
342	
32	
93	
164	
215	
51	
37	
45	
97	
41	
393	
213	
249	
147	
382	
82	
201	
316	
36	
77	
516	
75	
50	
61	
35	
212	
176	
166	
143	
163	
205	
310	
26	
229	
96	
336	
280	
124	
43	
329	
235	
92	
219	
413	
206	
73	
198	
150	
427	
352	
42	
55	
134	
198	
260	
36	
123	
45	
27	
117	
77	
63	
79	
122	
25	
180	
310	
57	
292	
186	
67	
458	
112	
124	
38	
64	
60	
112	
32	
126	
