166
120
137
383
513
577
683
825
736
318
97
99
78
524
523
581
687
712
674
213
109
218
105
318
314
815
863
642
524
524
448
217
713
500
698
913
761
816
431
145
111
209
383
361
600
729
730
610
224
135
118
98
233
321
607
1023
660
310
60
104
251
138
436
434
758
1023
734
200
392
286
208
452
184
522
717
624
627
349
57
119
418
223
260
641
1023
1023
890
299
113
173
366
226
293
765
918
653
541
336
220
130
137
144
284
555
1023
1008
586
206
204
123
183
323
919
757
605
519
337
71
158
190
143
357
475
643
813
624
378
195
99
114
95
415
450
458
1023
713
134
72
180
196
181
531
547
812
902
450
159
100
658
103
327
501
975
676
548
591
464
140
179
113
191
671
962
400
412
574
334
120
114
84
254
338
649
742
493
604
587
261
151
111
479
897
1023
494
329
472
164
171
241
464
308
418
440
740
799
323
121
82
80
417
287
772
1023
595
129
96
95
111
56
243
680
733
720
634
301
160
100
100
302
258
588
847
1023
746
365
66
116
295
212
410
647
643
767
243
194
560
180
347
146
381
642
779
832
141
236
211
224
50
225
466
629
892
684
394
192
110
141
380
299
514
609
794
693
393
352
266
354
265
370
598
594
458
899
453
82
158
135
328
504
1023
873
680
523
466
196
140
155
330
785
964
584
675
327
73
149
283
114
480
418
963
788
602
410
191
120
76
84
300
739
863
843
632
432
491
136
202
202
737
806
820
699
479
410
261
181
87
317
708
772
661
491
812
341
99
127
61
242
720
1023
720
454
145
300
262
111
83
280
780
766
574
568
805
219
140
145
146
291
642
618
694
729
470
195
173
267
71
745
876
533
542
629
359
366
193
298
677
698
786
407
408
465
423
233
348
403
262
301
548
722
510
330
139
119
100
103
507
1023
446
753
581
232
188
333
80
330
412
488
528
585
559
339
134
307
199
223
446
713
886
733
408
142
202
171
98
209
553
942
785
595
819
248
170
131
97
349
927
933
875
495
158
206
357
243
88
350
563
991
840
499
365
291
104
113
316
649
851
566
850
349
156
127
171
107
318
575
763
413
559
666
324
118
86
199
361
861
821
543
662
593
128
125
202
220
366
618
501
835
524
89
318
170
443
149
277
632
776
836
408
122
104
143
60
398
456
530
730
447
369
810
275
347
267
281
863
897
958
579
225
75
217
81
112
284
1023
877
761
575
465
133
105
83
120
485
869
1023
1004
301
51
109
105
202
108
388
656
753
668
471
315
110
134
138
234
634
887
891
668
470
243
110
256
57
257
540
753
882
822
471
78
176
354
647
500
979
1023
642
423
620
425
321
67
77
275
526
775
615
672
392
186
217
81
156
619
914
639
454
422
512
121
288
299
254
340
420
650
790
282
78
115
102
138
275
672
1023
521
542
729
82
202
86
83
450
695
766
725
495
259
211
128
50
383
412
584
568
834
857
335
479
284
131
188
535
805
764
759
441
248
127
98
207
272
610
844
768
677
447
75
143
231
169
282
354
695
1023
825
309
70
111
65
127
376
527
751
850
636
236
122
90
162
137
427
950
736
996
196
53
99
79
402
244
347
851
1023
763
355
182
104
210
197
332
716
784
829
582
111
116
98
143
178
268
674
1023
861
638
280
131
155
51
105
372
493
632
781
547
466
279
97
98
230
555
713
774
697
467
189
240
151
557
310
440
666
738
566
301
199
95
189
407
284
798
673
830
550
285
81
112
229
153
479
737
824
689
250
209
144
89
267
207
414
854
841
736
561
63
110
112
82
337
455
516
408
476
474
214
118
392
240
340
701
1023
564
387
400
82
120
115
83
433
1023
819
614
455
148
91
233
384
330
321
1023
993
561
572
354
221
107
294
248
870
1023
525
544
234
112
103
70
57
302
642
748
672
541
270
256
99
139
143
311
406
410
676
665
423
245
123
83
122
304
875
769
704
638
269
283
114
85
316
503
453
1023
787
189
259
95
110
61
229
643
932
888
572
367
188
186
68
93
338
758
629
917
372
249
126
186
301
99
267
591
785
663
423
268
120
78
172
141
750
1023
443
581
519
563
322
257
163
269
656
979
978
688
405
94
123
108
79
288
626
758
612
554
211
81
143
155
122
356
807
286
470
816
805
311
436
61
178
335
719
837
663
473
422
260
88
48
281
743
566
683
739
414
173
162
95
85
390
581
675
742
731
349
134
104
71
81
327
830
865
612
541
337
123
106
206
163
315
935
1023
717
479
374
132
97
150
179
501
1023
630
553
526
235
242
274
191
221
411
520
1023
868
115
61
97
213
80
359
701
937
1023
663
493
374
94
221
218
526
721
696
762
568
223
237
252
61
268
542
742
908
787
308
113
179
253
75
232
690
837
669
551
276
130
194
100
190
243
641
569
765
493
457
480
362
66
137
832
509
867
718
500
330
78
106
49
202
388
606
869
717
654
173
93
103
90
118
331
934
623
652
279
63
113
194
63
243
594
960
974
479
582
767
115
909
360
306
603
759
1023
647
443
85
331
276
189
374
589
812
960
680
319
100
119
122
166
583
837
530
524
427
318
205
85
57
153
1023
263
518
1015
831
326
113
194
351
349
515
782
753
708
555
77
220
182
288
392
526
659
722
682
380
122
156
127
150
467
708
661
583
460
484
241
120
310
323
761
641
566
706
477
241
98
79
281
375
571
583
704
579
571
65
104
125
324
313
735
983
350
398
769
574
228
230
63
326
544
691
773
725
513
211
134
42
162
586
724
725
811
533
401
344
147
365
398
516
785
983
682
219
53
177
158
83
246
414
845
1023
619
84
69
95
91
81
465
638
676
817
457
115
407
333
264
432
431
742
785
816
701
576
244
173
44
217
618
580
638
784
601
224
101
144
54
265
568
994
615
477
448
413
306
132
65
337
793
926
849
578
319
149
131
252
239
338
522
645
673
557
330
144
177
134
104
425
704
717
594
210
172
252
109
57
350
299
803
1023
666
318
207
114
81
65
253
990
1023
461
402
174
89
103
77
237
297
419
1008
644
270
454
278
88
53
102
348
628
674
654
371
326
264
278
217
206
582
934
786
644
536
245
87
153
51
230
473
641
880
817
398
362
129
119
93
416
743
835
835
620
533
376
356
510
190
260
711
900
707
354
578
219
135
168
167
466
904
743
590
333
116
183
147
99
199
539
675
666
609
414
361
118
304
292
265
594
972
857
726
629
300
147
329
377
449
731
646
620
550
116
84
132
62
114
412
845
897
720
489
262
153
277
231
116
416
481
507
537
943
615
181
99
128
319
644
827
847
654
319
219
113
112
144
297
587
755
669
579
275
337
101
73
116
528
1023
763
1023
247
124
234
112
76
286
583
628
710
754
358
90
123
211
66
218
557
976
883
676
214
150
209
142
89
363
713
737
697
553
331
146
163
66
68
268
794
763
540
566
405
205
170
445
76
287
550
848
911
528
127
94
93
60
178
522
804
944
735
388
137
168
165
188
295
588
617
691
714
145
384
97
223
77
258
443
846
833
537
297
189
125
104
151
405
891
670
534
418
368
88
176
152
154
502
810
910
858
216
53
135
90
478
328
421
607
718
554
431
745
108
289
244
376
686
783
770
485
308
314
98
104
243
328
499
641
725
571
392
169
101
112
289
536
779
637
584
214
354
320
95
175
117
393
890
609
564
520
60
516
112
82
387
412
508
838
787
479
139
112
110
118
288
551
773
726
545
471
138
96
196
188
472
1023
950
682
202
69
94
171
176
127
392
614
748
660
367
226
113
124
295
240
482
752
689
543
361
221
269
73
195
322
652
880
789
543
314
117
97
93
155
431
690
752
764
516
244
87
97
120
103
336
474
510
915
681
99
130
100
79
166
490
818
1023
622
165
234
170
157
69
290
456
610
556
349
683
444
111
229
83
503
879
912
628
411
103
96
97
180
123
292
573
851
851
571
310
198
139
47
163
635
903
1023
663
580
240
131
178
198
219
529
972
719
764
405
174
110
103
169
301
766
593
725
738
428
212
159
125
84
324
590
790
661
558
320
107
367
183
500
723
783
658
505
747
90
605
118
255
166
680
873
802
707
396
88
119
120
104
271
558
778
529
498
550
310
100
208
112
277
476
560
779
803
538
133
100
93
390
257
584
1023
896
310
235
114
92
50
97
587
990
752
671
431
486
188
201
352
227
531
1003
842
542
257
318
211
81
183
388
1023
592
452
569
292
68
117
69
72
617
233
639
819
491
316
217
138
100
204
550
920
720
496
229
632
109
321
213
176
446
589
894
717
418
195
164
95
266
653
475
540
677
671
216
351
107
182
89
325
690
859
731
528
479
103
229
125
139
438
779
641
550
420
170
101
98
85
118
486
775
915
469
341
631
260
174
202
315
506
762
981
1023
369
100
153
245
177
297
630
546
616
523
327
345
124
53
77
318
595
635
650
544
323
209
96
121
143
377
804
764
688
402
396
398
213
303
413
611
779
686
669
359
121
103
130
78
276
580
915
876
412
543
278
86
88
181
337
596
678
634
444
261
154
142
205
300
740
598
628
1023
465
59
106
164
301
302
514
671
640
626
536
374
101
179
147
231
687
