760
809
634
479
116
218
343
551
558
471
538
722
834
643
125
144
117
140
493
839
958
959
753
248
204
168
61
193
444
945
1023
816
444
143
180
140
364
262
491
939
600
558
273
232
143
108
185
523
727
401
1023
643
127
77
98
63
90
375
896
866
449
525
443
117
124
54
115
445
731
829
679
492
62
199
497
72
306
691
678
749
841
564
258
94
60
68
405
921
849
778
585
283
243
118
125
354
481
521
482
784
872
465
180
120
188
322
615
1023
667
666
383
156
99
110
119
237
455
746
937
836
788
141
140
157
134
242
560
661
791
592
330
104
199
176
200
414
392
387
605
395
205
130
99
57
164
539
624
496
735
470
186
406
97
290
369
560
772
888
724
107
171
115
100
248
329
605
876
798
647
326
214
271
184
454
241
848
306
471
774
540
439
132
87
130
308
728
825
719
630
476
173
149
106
160
603
977
1023
706
469
326
191
125
351
323
363
737
805
359
413
108
244
431
105
266
722
977
961
503
248
75
139
66
74
639
939
772
686
308
97
130
434
387
225
303
898
1023
622
169
378
224
133
85
101
320
775
1023
772
526
303
117
162
62
272
617
802
900
434
72
267
105
215
80
379
395
547
740
665
295
96
100
67
165
401
838
255
365
425
755
454
239
155
217
401
523
654
1023
1023
370
511
112
137
308
555
1023
860
603
185
352
227
150
57
287
998
1023
892
321
460
530
239
286
152
647
1023
1023
630
267
332
136
103
171
321
631
729
798
776
299
173
227
163
127
280
662
1023
524
572
570
478
148
593
184
280
516
830
795
635
353
269
115
90
89
527
760
901
847
363
537
247
126
155
93
279
545
847
807
694
788
774
172
517
497
618
834
984
346
412
575
226
78
178
261
391
1023
742
582
487
233
126
115
117
453
889
793
827
557
387
216
96
108
93
423
761
813
794
552
453
141
92
103
180
481
836
1014
934
217
73
246
134
57
302
569
585
658
572
326
176
99
117
175
235
632
1023
1023
579
383
339
430
516
99
264
947
731
523
531
411
354
119
128
317
405
520
901
642
380
432
150
192
205
168
610
682
1023
878
252
84
281
408
117
451
1023
1023
815
513
350
209
94
315
227
529
612
641
642
472
268
147
106
344
146
703
1023
807
417
304
138
103
155
59
191
652
642
543
989
400
96
116
85
69
234
590
767
820
716
342
210
105
72
365
472
399
736
530
636
111
104
239
108
206
267
645
1023
603
228
914
575
236
245
126
351
527
723
871
572
276
228
91
198
224
749
933
501
443
467
244
157
69
57
239
675
985
815
448
148
80
330
97
206
267
539
999
943
466
431
229
333
74
107
456
874
831
624
553
261
411
109
399
510
449
786
493
715
587
233
134
465
106
245
357
507
772
908
523
262
98
270
254
280
405
772
727
579
699
122
91
127
363
470
617
744
621
756
623
95
325
143
212
454
979
962
683
375
250
160
131
165
237
647
551
712
647
419
353
194
225
289
295
615
674
742
509
159
110
257
69
120
267
269
1023
1023
971
193
172
99
223
311
466
541
836
683
416
337
228
94
114
296
735
686
608
616
291
334
236
121
536
260
524
814
786
683
283
209
195
493
207
272
338
833
985
1023
103
170
119
121
76
328
675
564
880
793
62
150
109
99
540
1023
232
274
677
529
170
121
390
78
229
663
918
1005
615
355
263
109
97
101
330
739
710
731
459
233
169
157
303
193
294
339
485
661
592
539
145
244
298
232
296
737
952
831
525
277
482
146
472
269
547
741
645
1023
98
140
555
304
249
764
836
735
571
435
266
626
272
508
514
435
631
545
807
647
199
87
117
51
401
303
691
585
621
747
437
214
106
245
341
544
452
588
625
639
399
132
127
144
303
531
714
696
607
630
314
99
98
220
386
680
1023
607
314
191
585
799
393
406
298
595
810
880
590
302
116
89
258
95
399
904
907
607
353
108
202
185
46
197
395
894
974
586
258
238
108
338
84
500
920
1023
866
688
91
80
217
83
723
443
420
564
754
450
346
137
120
119
347
551
503
676
826
380
364
129
345
248
213
879
782
1023
879
129
123
110
258
195
289
648
980
1023
589
244
63
105
168
86
331
921
1006
496
449
581
182
103
165
294
391
602
536
711
754
455
90
107
131
350
453
657
723
818
448
171
90
89
250
274
791
811
939
917
585
201
263
89
205
456
965
893
790
459
438
830
183
399
502
271
535
1023
1023
546
257
138
96
48
97
645
928
691
475
381
325
103
88
182
205
617
938
754
661
584
110
123
71
170
272
576
730
714
561
368
353
103
133
229
480
605
798
757
533
406
530
452
182
126
628
821
491
487
823
799
85
444
300
351
513
821
607
620
479
365
172
88
137
354
523
921
1021
536
127
70
106
116
155
313
580
794
1008
369
213
279
136
59
162
471
569
769
731
509
408
149
97
57
134
347
502
892
802
437
379
226
87
82
208
408
606
866
758
432
230
83
96
497
318
920
1023
1023
743
63
329
293
463
391
415
590
690
561
498
316
202
102
53
93
620
924
673
812
755
252
312
269
88
207
525
743
696
695
367
83
140
253
44
246
516
892
845
626
223
155
171
71
99
307
397
981
1023
649
187
90
118
346
124
474
826
826
589
631
491
402
101
119
113
668
705
610
749
534
325
293
101
63
262
575
881
1023
958
79
76
251
307
114
326
490
933
936
736
374
191
219
319
226
408
852
384
530
374
247
172
199
95
91
302
384
628
825
389
210
251
244
126
305
632
886
888
724
429
268
617
122
394
308
405
727
954
823
495
327
234
74
189
409
625
715
838
747
368
96
135
60
216
617
576
672
596
398
202
166
105
95
182
618
454
928
1023
748
87
118
116
105
372
780
676
800
922
458
79
116
118
177
359
731
773
951
756
163
173
231
249
358
400
638
764
760
538
395
116
229
68
106
514
836
881
797
784
241
112
796
278
224
365
913
660
590
232
179
232
84
79
281
899
932
456
781
589
118
125
59
112
384
797
837
712
430
293
115
110
83
294
612
676
559
558
470
299
179
109
52
241
543
987
629
573
347
280
111
74
75
322
766
857
634
619
528
404
112
376
148
533
654
292
574
806
320
123
133
297
109
579
1023
897
581
152
327
380
163
95
263
472
803
1023
478
117
63
104
187
58
257
396
661
954
681
392
346
110
158
51
391
462
1023
1023
513
61
69
111
98
256
682
824
522
664
517
289
81
162
73
104
401
669
826
782
465
130
77
129
163
258
667
925
1023
511
154
129
166
200
313
295
475
693
557
576
556
151
119
123
65
319
740
1023
942
741
497
196
93
144
350
521
763
704
688
297
235
192
479
250
383
888
860
810
819
605
421
110
170
92
275
519
828
723
849
320
321
114
405
100
368
864
733
376
262
674
534
169
95
85
417
841
927
835
680
253
117
94
201
243
580
968
799
574
317
174
145
76
69
886
293
224
644
766
301
240
88
98
71
338
996
867
581
565
411
142
272
176
186
296
750
647
647
488
256
218
176
72
325
396
886
403
778
928
636
219
182
142
169
501
550
768
812
596
269
101
162
87
251
439
1023
1023
424
295
448
114
202
81
317
543
684
1023
586
150
83
192
203
102
288
493
740
823
550
291
155
142
190
235
454
974
806
591
336
192
440
125
187
353
631
860
937
720
445
120
116
309
153
301
617
790
612
641
343
135
129
64
331
664
670
772
653
526
352
184
117
267
118
432
752
1023
838
402
162
177
83
231
241
455
992
888
516
353
352
266
115
66
294
783
712
848
877
695
331
195
194
77
334
797
1017
444
509
628
251
214
56
143
369
941
998
1023
147
88
100
132
123
214
495
727
988
730
299
95
203
262
60
259
590
732
915
971
815
111
325
223
128
305
848
726
436
547
477
264
107
162
92
285
805
989
781
448
337
79
112
144
272
627
649
706
813
377
203
133
127
97
289
736
889
741
458
664
270
228
283
270
360
775
795
726
332
130
500
231
133
67
317
485
790
892
707
414
237
166
367
376
425
608
660
510
315
292
287
105
270
212
427
1002
562
514
251
111
363
141
215
244
415
773
825
613
396
181
221
387
279
281
430
618
920
824
432
81
157
108
122
534
783
520
740
655
298
272
117
45
230
520
757
1023
809
180
48
147
147
71
235
631
874
724
642
392
212
145
81
63
316
557
757
681
633
772
202
168
64
470
511
662
667
838
590
632
220
100
178
317
390
497
671
739
706
462
207
524
93
618
796
781
732
653
431
271
109
115
237
297
656
427
646
811
280
76
139
124
212
299
641
839
742
649
766
350
127
550
354
310
650
866
820
430
162
93
90
58
152
780
664
606
596
743
611
149
330
105
254
551
743
520
481
1023
252
108
92
242
288
701
877
1023
587
333
227
131
100
219
547
663
631
674
468
148
89
137
390
305
868
859
572
747
702
638
97
251
277
291
772
810
629
566
257
212
168
103
80
249
690
1020
939
648
493
225
117
261
330
502
731
609
689
592
384
257
124
434
469
569
652
745
699
244
73
134
83
174
395
679
506
654
586
341
240
210
354
370
471
709
782
835
708
512
378
156
57
172
610
791
645
672
650
476
81
102
67
67
362
866
857
786
405
119
148
149
