173
453
412
345
693
410
603
770
690
486
145
161
160
420
545
861
910
618
545
602
901
906
436
306
1023
1023
1023
1023
921
127
121
186
367
509
604
765
732
627
673
745
664
346
166
632
663
675
844
1023
342
124
318
144
141
460
860
914
817
605
441
238
165
375
161
367
886
1023
970
553
484
392
365
497
425
477
353
380
393
290
283
220
230
157
302
345
658
1002
884
587
316
133
479
809
842
922
630
546
232
368
277
175
252
150
448
667
509
399
164
172
364
823
634
364
479
885
884
565
392
343
367
488
446
311
275
288
655
964
1023
1023
810
123
323
451
712
684
910
784
502
222
181
172
138
339
417
522
712
764
334
449
688
244
229
515
821
758
707
785
327
231
139
369
561
404
344
480
385
215
297
422
469
244
391
1005
1023
1023
753
180
171
141
363
150
636
642
800
976
604
517
230
277
92
522
713
857
925
949
327
272
362
144
588
659
677
486
449
412
255
325
474
169
104
302
341
322
482
476
327
133
182
141
131
336
440
387
452
481
142
304
582
740
646
352
648
936
738
305
143
257
161
108
280
493
977
614
658
310
144
281
255
294
383
611
270
417
389
103
155
258
148
139
329
364
412
516
491
467
449
264
151
328
368
573
440
905
725
214
199
134
128
358
537
450
490
632
430
158
156
225
401
361
373
382
667
715
501
213
116
129
225
462
548
619
1023
536
408
206
243
465
602
769
482
320
421
181
331
418
389
302
252
287
542
950
1023
761
199
205
214
269
276
789
903
730
502
146
303
228
178
134
366
598
983
710
563
298
232
161
120
165
333
754
956
869
518
257
105
236
166
146
423
634
395
417
153
396
169
155
125
297
370
412
343
540
238
93
256
114
165
336
386
510
599
457
124
149
202
104
229
562
615
856
868
545
110
203
137
106
178
543
946
1023
1023
784
104
192
139
119
295
646
929
993
672
169
265
236
186
117
359
614
928
615
431
406
327
155
284
271
580
774
335
431
272
236
185
136
119
153
394
446
423
466
475
260
198
301
180
255
349
276
542
696
318
249
268
250
859
502
403
473
574
472
216
182
400
544
555
312
321
315
362
333
154
152
369
278
279
326
535
718
912
543
221
201
161
253
159
319
517
1023
840
241
123
168
181
126
368
307
265
502
461
578
1023
511
295
286
326
388
599
698
531
161
400
293
218
169
322
598
937
1016
717
157
176
276
211
149
454
641
768
733
499
121
163
179
163
244
419
403
399
425
141
482
560
445
103
359
533
702
557
355
127
91
184
200
145
372
370
264
416
310
722
546
168
137
135
369
749
861
969
668
111
264
198
252
418
417
358
433
450
173
136
146
427
434
325
255
427
502
427
204
219
498
400
223
524
455
486
1023
760
96
198
219
243
210
326
506
442
494
365
323
146
149
121
156
333
542
914
652
477
140
154
156
184
271
761
627
1023
462
156
119
612
284
127
332
609
1023
960
724
408
171
156
138
168
433
785
731
590
525
542
526
252
95
211
500
963
1023
850
187
123
148
160
258
279
286
273
392
481
262
155
134
154
131
304
366
362
493
588
241
142
179
174
238
377
664
660
487
457
186
127
165
138
149
360
235
232
478
316
886
904
638
119
350
526
692
780
483
133
192
820
141
147
316
437
665
552
618
712
301
169
92
169
340
552
740
971
621
94
195
151
97
139
351
517
860
758
237
185
180
195
138
258
460
584
611
588
367
115
153
125
176
316
355
378
346
597
233
106
228
172
173
362
424
569
655
325
156
166
318
307
231
334
349
322
460
257
232
172
166
109
175
315
340
693
717
486
401
193
407
223
262
412
685
612
532
364
150
183
84
125
344
640
556
469
378
250
213
167
175
199
353
495
663
848
839
313
211
192
144
417
332
578
520
565
404
134
215
598
103
276
288
542
804
705
588
393
306
146
157
366
569
720
993
679
217
138
125
116
237
337
577
777
774
431
447
326
131
205
154
370
558
634
640
605
158
207
412
92
214
330
310
624
1018
685
496
362
139
146
373
562
711
938
618
372
266
274
110
150
432
624
547
588
406
242
257
281
103
357
400
461
586
746
628
272
125
170
129
400
444
365
320
547
755
789
213
150
182
316
453
826
931
544
169
170
170
128
169
353
379
433
592
494
205
207
212
102
326
448
450
428
491
271
142
234
267
229
161
337
434
395
573
644
443
159
216
329
299
450
445
360
403
428
474
187
179
93
353
311
611
583
468
490
524
335
166
159
386
696
708
711
336
270
170
135
179
141
524
624
451
477
259
84
208
227
127
451
830
384
241
474
366
115
221
133
142
340
561
830
760
528
183
142
217
94
171
358
715
883
773
609
386
335
282
102
201
570
954
812
695
526
190
212
177
95
239
519
729
644
610
437
464
276
171
119
321
408
310
356
461
488
391
279
143
152
423
387
303
410
365
261
464
299
117
186
361
492
514
598
342
219
479
286
99
247
478
582
502
540
213
136
188
139
132
332
285
224
335
439
153
424
451
447
236
283
411
618
720
546
439
375
248
144
388
395
338
344
567
478
167
213
148
429
350
401
639
540
419
345
103
211
238
260
383
368
347
347
452
500
267
353
321
179
310
485
617
642
648
404
241
167
109
154
327
385
457
571
514
395
149
140
88
126
364
700
427
466
194
117
163
131
132
177
354
386
301
540
676
247
147
335
169
316
302
418
591
520
196
348
206
130
118
337
557
625
640
346
124
139
253
127
171
337
291
393
677
533
317
149
267
301
177
371
542
654
682
555
213
369
578
239
286
606
606
813
812
274
149
160
145
163
348
348
624
826
707
329
189
234
389
324
464
733
404
456
200
200
128
348
395
160
665
938
780
606
259
119
158
193
209
313
380
496
729
644
521
450
385
123
145
337
588
1023
1023
566
262
232
153
141
101
423
745
811
906
798
481
246
226
238
238
340
470
565
568
277
342
328
231
252
193
404
757
708
644
369
276
147
123
145
300
442
712
932
678
194
108
131
139
243
520
796
904
740
275
85
164
150
122
152
339
338
225
616
743
682
389
199
143
226
404
594
837
797
540
109
209
135
115
305
430
465
439
451
384
337
437
197
110
385
641
693
715
565
257
156
146
272
151
349
480
766
714
408
70
233
393
241
146
518
762
656
514
427
291
265
175
170
525
440
358
420
547
191
125
247
231
175
342
604
690
818
654
353
143
346
474
227
396
403
340
493
358
233
197
153
124
141
436
663
791
698
230
255
213
221
343
308
525
686
658
521
155
177
199
126
152
307
441
612
576
453
187
146
223
180
131
418
386
401
488
318
147
240
174
272
243
319
457
589
680
402
245
284
151
204
288
454
488
511
603
183
129
149
125
222
328
404
353
560
662
408
373
242
101
115
325
629
651
472
295
451
464
353
102
145
374
606
558
570
610
753
677
507
100
284
566
794
803
556
606
643
213
130
111
369
483
435
633
585
556
143
260
180
150
309
464
642
729
483
122
168
198
113
118
311
324
594
728
595
439
208
217
203
158
370
594
487
472
397
559
218
123
115
306
785
794
603
458
128
101
246
282
164
340
570
739
570
579
704
541
198
102
151
369
496
721
779
602
411
399
358
92
141
409
514
507
521
445
383
377
380
291
254
440
931
1023
870
445
345
180
120
393
446
556
762
962
780
402
242
207
134
334
455
432
695
845
740
358
258
132
98
167
350
490
698
850
625
171
183
225
180
199
331
670
1023
436
416
164
226
243
205
302
430
639
654
586
539
269
153
130
157
302
464
541
865
669
361
134
138
101
162
346
371
381
630
505
393
158
244
96
182
416
442
717
897
508
121
210
141
116
281
395
527
743
728
231
199
259
111
220
389
441
492
726
804
790
381
231
267
358
477
650
692
643
405
219
146
182
114
137
498
706
605
574
349
290
363
304
283
270
505
508
587
622
678
514
165
126
139
354
703
890
740
460
205
229
285
119
129
366
338
415
604
769
389
248
205
198
317
548
704
521
554
412
329
236
157
105
244
440
835
649
617
454
122
177
125
163
350
605
684
726
575
334
133
321
328
371
399
375
419
566
464
241
142
132
315
518
605
623
338
492
322
261
180
130
140
332
473
518
442
454
371
248
146
166
193
341
301
529
899
984
870
477
140
193
300
480
705
564
523
390
144
150
285
252
240
399
362
207
360
251
279
421
359
205
409
617
517
609
651
502
255
171
157
197
260
528
903
951
472
272
182
277
259
219
316
305
672
866
716
583
489
321
133
157
455
696
801
800
522
636
483
143
341
405
700
409
273
405
497
518
233
135
119
271
390
391
657
718
677
622
387
111
127
312
403
654
924
651
352
430
176
146
201
354
671
633
535
310
145
144
222
107
130
401
389
315
435
185
143
196
466
720
321
486
676
765
579
227
490
292
143
332
518
634
363
529
476
113
124
153
130
267
485
453
275
381
481
267
203
163
125
157
393
495
381
421
271
170
148
242
148
172
513
628
446
508
338
162
151
133
118
248
448
728
689
536
347
123
229
128
140
295
912
944
715
493
316
163
127
110
147
360
520
629
695
527
280
205
197
166
209
349
710
658
764
523
412
357
233
109
293
339
372
746
