414
168
195
464
938
1023
1023
1023
337
85
118
262
92
721
1023
1023
463
525
669
388
165
140
87
347
792
1023
1023
692
448
466
487
89
381
669
1023
722
878
732
593
199
368
300
536
946
1023
870
737
211
92
146
309
580
882
382
441
1022
558
166
406
599
502
193
210
454
743
408
499
115
154
261
90
175
252
354
247
240
740
1023
320
140
380
558
242
889
1023
1023
738
792
1023
1023
479
114
324
297
414
313
191
303
95
362
155
488
461
277
872
754
536
600
126
335
521
534
1023
1023
786
339
209
135
485
288
258
648
325
484
1023
1023
137
1023
1023
269
132
329
377
267
451
289
130
165
102
222
312
868
1023
1023
1023
984
1023
376
646
86
207
437
331
245
511
506
405
123
123
116
592
1023
944
530
470
550
138
249
216
325
337
370
708
1023
1019
485
309
132
166
356
850
988
703
382
226
222
357
104
373
679
458
208
243
362
394
1023
613
139
144
243
207
673
1023
898
107
199
605
222
152
266
251
187
270
641
612
523
125
274
645
663
529
1023
710
525
331
1023
1023
905
731
364
238
373
859
775
227
518
616
641
1023
691
571
994
688
335
507
323
125
104
240
572
466
566
471
218
139
344
201
208
227
380
690
766
289
88
127
117
156
184
614
517
546
533
385
96
361
316
360
263
587
902
948
876
223
1023
986
134
116
244
255
480
862
299
423
91
1007
953
91
402
661
598
345
305
601
683
771
937
227
607
844
1010
670
909
301
783
543
690
1023
344
880
682
390
151
435
354
546
597
373
278
716
1023
434
395
333
124
125
716
654
441
1023
881
632
682
176
708
358
124
288
987
686
1023
1023
322
135
119
89
154
263
775
844
1021
716
898
820
184
218
317
726
436
958
417
374
644
627
442
573
570
890
799
309
326
316
290
461
143
83
262
274
195
335
390
103
92
252
432
1023
672
1023
1023
426
1023
1023
282
220
263
299
307
282
209
333
920
1023
182
1023
949
610
500
1023
355
552
444
161
155
1023
666
264
659
1023
908
973
682
95
310
633
195
238
429
476
375
217
269
267
187
246
231
508
214
732
881
836
488
180
124
432
332
898
883
220
389
192
154
414
416
250
1023
1023
808
375
425
297
131
685
506
167
460
233
1023
1023
455
216
132
121
262
459
766
703
833
373
206
378
129
325
204
272
305
686
1023
1023
936
218
1023
694
100
215
510
208
438
939
735
402
139
294
478
405
950
1023
991
1023
233
1023
141
80
185
499
544
390
1023
950
223
233
540
374
137
274
662
1023
1023
755
395
1023
297
429
497
573
413
228
1023
953
1023
525
118
97
284
579
634
987
1023
1023
776
271
275
280
360
402
520
535
425
595
1023
415
395
769
611
1023
513
380
372
171
376
245
58
302
261
238
464
739
133
378
223
483
803
305
327
304
286
492
506
371
123
109
111
311
374
376
411
286
198
180
193
714
656
258
601
1022
844
580
197
94
122
108
286
301
338
224
289
230
223
223
558
523
506
789
609
623
351
138
570
340
231
494
910
846
559
947
1023
1023
300
136
288
102
349
1023
883
1023
974
461
549
578
373
112
259
264
396
624
558
405
118
120
89
302
269
195
423
696
646
405
787
131
168
256
848
770
861
490
130
184
220
148
239
584
339
764
501
682
908
702
320
711
985
423
560
469
425
263
329
1023
819
384
1023
1023
233
527
740
527
389
265
502
387
373
231
592
803
872
1023
451
165
272
410
346
488
307
252
369
923
939
151
379
809
682
499
495
617
261
435
451
522
123
257
559
299
177
381
313
249
446
644
82
153
310
473
442
311
222
93
107
547
95
192
330
747
911
615
217
80
215
257
107
253
393
565
449
439
117
174
424
78
135
274
217
137
563
774
117
220
472
588
164
588
577
816
544
359
280
114
159
320
505
205
180
302
565
817
874
389
499
560
803
809
841
498
369
115
182
205
291
354
622
318
862
1011
519
369
275
360
413
213
1023
714
438
318
206
450
239
504
718
318
245
572
708
643
496
594
935
441
78
438
1023
759
543
469
447
430
206
97
313
396
381
797
823
457
82
231
101
105
206
312
286
150
770
272
761
135
889
130
390
483
203
287
367
139
370
107
102
350
276
431
446
485
584
244
96
110
92
173
218
908
764
503
241
101
174
681
587
306
293
648
860
498
469
647
241
915
1023
1023
332
947
860
666
730
96
113
135
73
302
236
234
212
385
162
172
803
516
93
231
241
453
424
441
265
319
213
525
286
252
216
979
967
949
1023
255
93
286
333
411
576
307
517
412
331
256
263
178
115
268
187
186
459
1023
1023
223
302
970
289
241
293
330
504
782
347
150
142
266
272
226
642
820
885
387
151
173
76
214
391
721
786
1023
1023
661
148
132
193
1023
1023
814
407
303
315
156
327
238
76
252
607
676
262
309
163
395
384
159
173
227
455
553
543
416
154
92
229
123
183
273
300
146
404
589
409
106
167
383
294
251
237
413
925
1023
952
346
110
120
240
603
951
923
636
131
98
308
250
97
357
240
255
326
704
273
254
381
773
305
224
554
578
552
621
1023
1016
230
681
1023
735
542
553
570
451
127
495
706
725
132
276
209
171
714
1021
871
161
607
121
201
675
968
531
322
170
533
355
132
114
261
799
1023
845
621
296
131
143
318
272
269
369
362
553
933
312
189
123
59
176
343
552
831
719
1023
672
368
237
795
951
882
689
763
526
130
78
197
115
581
577
670
203
524
764
1023
984
324
943
207
694
418
325
324
287
420
198
155
335
159
306
830
1003
896
1004
453
163
675
448
183
520
341
179
775
1023
808
270
259
78
153
441
670
714
747
781
1023
1023
369
718
1023
703
614
722
981
240
547
91
105
740
369
410
813
930
772
533
557
176
166
340
986
750
130
278
149
205
776
850
167
251
528
559
639
830
845
644
618
151
897
654
404
494
511
287
196
152
130
795
559
273
458
542
750
411
310
212
178
89
204
322
777
580
351
379
264
323
655
69
210
315
339
339
617
781
1023
463
164
114
673
646
540
887
615
188
129
117
326
508
341
330
158
361
498
626
551
120
340
427
273
373
794
591
438
246
148
175
73
232
275
443
793
516
329
321
110
118
185
647
317
205
678
965
826
136
323
820
434
205
685
1023
992
781
347
198
144
222
73
251
861
889
469
467
176
236
609
316
225
511
992
578
345
775
752
289
218
271
147
357
280
395
872
579
228
119
110
157
417
325
586
502
483
391
271
243
124
108
264
404
389
312
442
309
101
122
80
170
308
825
991
812
242
182
496
419
674
1023
637
630
256
386
219
80
238
159
123
182
487
701
357
316
247
523
466
322
177
512
669
479
396
409
309
94
210
108
200
216
224
503
472
391
214
360
291
439
266
286
699
1023
809
374
151
134
159
185
325
807
777
386
306
131
541
608
142
775
265
244
258
712
501
450
150
118
482
447
292
515
723
584
542
472
685
279
390
257
497
780
659
885
828
347
101
449
712
260
246
193
278
322
354
359
272
161
175
189
259
247
462
580
605
736
295
390
143
227
464
667
822
603
516
353
121
70
118
501
223
199
1023
1023
987
273
146
179
188
389
492
641
528
171
387
253
264
88
362
280
224
199
501
808
1023
479
132
406
481
906
1023
1023
658
127
1023
656
150
268
573
625
499
489
340
288
208
118
200
162
384
464
506
553
384
477
249
150
67
122
431
524
349
493
317
167
119
152
282
289
464
1023
1003
576
129
273
531
374
581
646
238
732
1023
1023
484
114
119
78
318
274
335
624
634
450
364
199
171
197
206
307
553
540
425
203
120
118
426
390
209
259
177
180
348
133
235
149
271
129
262
342
541
780
630
106
72
112
169
138
295
573
299
259
468
508
164
100
174
248
311
598
516
584
376
173
208
137
269
291
351
318
514
689
472
343
175
113
225
271
279
532
633
604
108
298
208
139
274
491
527
930
747
337
125
260
141
99
403
303
482
546
429
283
345
383
1023
512
114
631
1023
879
304
159
348
164
125
84
234
295
197
409
622
881
698
205
97
230
341
574
744
647
485
940
811
507
122
594
1023
1023
682
455
328
87
132
121
140
116
437
559
382
424
284
568
491
546
406
467
890
925
816
560
372
234
121
103
206
269
598
900
697
413
303
334
397
458
89
471
953
1023
606
376
102
348
103
78
163
328
764
958
625
511
120
123
129
380
314
286
503
202
258
317
643
673
138
229
337
238
251
802
652
323
115
187
480
923
464
231
994
1023
1023
540
354
112
178
306
320
809
1023
536
260
153
79
99
281
219
298
400
580
748
223
309
99
683
1023
487
326
646
938
994
335
68
125
323
76
192
565
804
811
439
105
79
142
288
149
256
359
428
557
373
550
373
368
158
557
623
725
573
577
413
439
320
227
88
128
385
778
1023
1023
775
306
279
121
67
616
733
716
612
459
257
706
983
161
1023
1023
265
647
603
515
419
477
457
231
133
493
462
1023
793
1013
602
117
169
258
235
373
305
353
564
251
300
365
195
102
143
454
551
336
343
281
117
106
119
248
391
508
886
771
394
138
251
146
155
79
237
368
553
750
403
362
231
166
113
89
427
424
579
726
1023
825
557
143
865
708
334
239
472
436
318
460
288
137
131
290
330
682
533
443
321
69
253
205
174
195
223
245
236
360
600
507
229
354
98
326
679
