864
199
97
341
613
563
1023
1023
277
241
293
477
185
596
309
191
927
1023
1023
333
173
99
282
343
548
795
622
647
529
429
245
98
531
307
272
971
1023
1023
352
518
751
303
191
448
498
1023
704
336
475
260
451
228
462
281
567
709
561
315
99
114
318
361
237
567
466
383
332
118
287
357
123
120
235
207
338
351
387
903
628
441
220
103
263
505
544
791
667
308
192
255
138
106
699
366
181
281
190
598
871
200
141
149
360
642
459
667
876
877
619
101
600
959
347
488
656
1023
713
304
127
248
108
271
1014
1023
680
712
130
112
337
357
364
874
843
270
347
171
418
742
120
180
214
271
519
860
1023
1023
514
135
563
675
212
605
621
357
314
343
121
111
693
761
246
236
748
1023
852
633
154
896
218
90
272
237
367
562
339
1023
1023
901
139
496
620
592
211
354
481
675
533
243
285
195
674
747
454
307
183
109
423
938
436
215
720
889
837
464
357
331
186
272
191
286
595
656
636
348
202
172
126
308
595
636
726
452
294
146
78
106
248
451
491
409
684
941
1023
707
317
186
222
178
509
421
762
629
523
105
437
448
640
125
848
772
281
282
333
180
1023
914
394
125
283
397
372
698
620
308
121
96
428
361
241
344
1021
804
669
447
186
99
69
239
630
854
929
465
384
458
282
217
155
684
591
239
305
294
511
381
412
1023
651
300
547
695
741
684
379
668
510
313
220
1023
458
179
389
403
1023
725
103
126
228
1023
1023
1023
714
1023
1023
618
133
109
218
407
428
230
307
227
173
449
411
201
266
554
772
767
517
380
254
222
195
93
433
543
496
399
213
262
172
190
403
146
449
380
274
708
1023
668
379
1023
296
466
276
334
1023
1023
620
311
123
131
118
855
1023
819
588
509
167
187
193
270
227
263
273
1023
1023
651
159
185
258
212
165
631
759
413
511
266
174
376
347
105
354
417
342
1023
1023
723
211
448
328
154
407
292
885
1023
1006
189
88
291
99
120
297
222
221
244
295
264
323
530
601
130
545
460
277
827
942
670
648
155
418
121
243
399
264
290
153
113
507
1023
477
209
599
780
824
554
415
452
510
195
479
513
380
328
395
433
143
268
358
416
311
240
536
714
737
547
523
668
925
748
185
1023
1023
904
480
439
354
139
203
114
314
799
729
387
625
114
137
584
514
219
484
194
438
1023
874
322
90
143
79
151
403
714
520
596
282
88
385
322
83
382
688
593
298
350
237
72
421
147
270
261
260
218
641
687
111
127
357
239
156
257
670
589
584
313
93
73
284
690
990
318
828
1023
929
328
491
567
147
153
615
877
190
493
1023
1023
326
491
115
384
679
1003
1023
324
1023
438
284
321
130
97
199
495
446
366
442
110
100
207
128
166
650
775
432
344
333
627
218
503
424
405
338
709
659
384
237
203
933
280
160
351
819
313
569
468
300
85
161
91
115
235
274
437
660
650
149
98
128
97
136
328
925
1023
851
331
209
141
497
194
156
428
1023
495
515
563
573
536
133
90
316
782
997
863
656
151
121
165
388
625
455
327
973
860
299
203
545
483
817
109
395
380
441
390
319
163
356
519
475
111
421
355
386
545
302
239
587
141
263
277
491
305
367
736
456
158
469
304
226
110
253
241
391
536
395
149
110
98
192
399
499
318
258
364
553
659
404
544
681
296
456
474
322
292
78
160
253
139
244
372
554
517
403
480
174
282
131
496
215
254
216
163
333
248
574
738
409
103
374
560
852
407
349
277
145
110
189
130
262
215
390
812
448
495
923
211
133
183
275
342
508
881
774
525
182
184
228
85
382
1023
780
445
258
124
189
139
595
453
262
235
320
579
505
214
143
335
505
585
454
1023
1023
493
204
76
158
112
158
410
324
334
652
711
620
643
481
363
417
839
797
537
693
315
76
379
143
143
143
360
332
207
460
619
417
355
612
82
227
348
1023
745
864
750
86
129
148
189
280
509
1007
1023
586
183
216
107
195
301
437
631
476
660
377
280
227
168
320
571
295
531
1023
436
196
242
231
356
740
636
286
1023
1023
478
567
464
250
107
311
207
509
733
1023
1023
566
110
159
106
94
283
191
542
925
1023
644
262
666
792
462
731
302
239
382
209
209
431
285
239
144
344
442
259
520
892
569
340
284
720
348
348
195
254
458
828
774
548
214
861
487
206
170
250
484
812
598
748
342
103
323
1023
1023
768
423
400
585
318
671
795
242
651
715
956
394
223
509
865
314
223
725
1023
660
523
120
77
277
459
185
390
286
509
750
317
478
696
569
282
612
251
434
486
472
878
610
126
184
745
661
289
547
723
791
632
110
197
197
325
223
433
399
487
433
156
249
323
457
331
293
224
789
1023
729
230
268
133
110
479
873
776
372
500
351
375
144
240
347
256
270
334
589
486
918
666
228
364
329
241
303
380
561
669
407
314
368
309
151
233
362
549
402
704
734
67
172
161
264
317
539
668
642
704
591
443
470
119
782
469
411
801
606
526
335
100
429
591
751
394
327
183
341
316
464
172
227
576
397
266
814
1023
981
698
347
275
100
311
280
395
450
595
713
652
819
513
376
516
581
972
416
348
273
352
305
128
286
367
718
953
242
394
324
1023
752
360
1023
1023
656
489
459
413
141
121
264
270
179
191
382
811
735
447
229
159
121
81
103
255
461
548
585
494
146
80
123
95
104
236
401
831
1023
907
326
430
171
204
121
784
818
481
664
576
565
193
121
137
288
825
1023
1023
757
262
113
511
496
180
248
379
418
371
514
602
216
123
181
120
428
816
810
545
313
278
240
170
207
166
280
352
456
391
446
161
364
696
503
425
643
381
576
571
193
117
203
250
132
243
299
476
753
541
469
310
109
243
154
368
685
745
647
284
142
414
483
894
127
475
996
1023
1002
612
221
151
144
167
377
696
831
705
588
486
217
375
285
103
333
286
388
798
1023
300
81
191
106
96
399
701
1023
753
465
92
90
533
395
177
404
1023
927
436
238
286
474
129
352
343
363
438
321
346
394
560
377
435
361
278
943
849
900
717
127
211
180
115
217
261
1023
821
616
441
183
253
391
153
152
327
248
335
372
384
669
778
292
103
441
423
368
515
625
238
96
120
270
342
143
245
501
732
743
621
141
463
549
617
311
530
217
375
489
270
230
105
142
165
258
698
787
849
414
145
172
222
280
221
449
255
394
444
212
266
402
309
253
160
275
307
394
741
896
639
478
92
76
209
475
925
899
565
419
524
118
138
224
252
455
559
697
1023
1023
417
127
238
180
309
615
1023
1011
507
488
549
207
129
793
592
359
795
907
457
379
154
168
195
226
329
494
593
716
695
564
146
116
191
487
279
574
840
717
915
1023
900
181
332
486
690
374
744
730
499
173
189
95
122
337
483
1023
1023
671
268
147
250
169
159
339
735
1023
821
578
592
341
464
201
265
340
500
632
712
484
333
155
211
359
687
535
760
356
430
657
602
255
411
460
564
525
770
658
512
113
127
183
248
739
823
816
652
534
395
446
388
155
85
245
400
615
529
456
117
359
183
260
626
365
310
292
606
685
602
164
192
310
506
642
253
274
811
1023
1023
590
156
109
168
357
716
779
878
453
640
593
134
473
145
374
185
287
551
952
1023
1023
212
119
352
664
622
883
886
637
266
145
255
222
312
398
303
548
439
92
357
453
77
261
364
714
532
381
313
184
186
131
126
169
361
516
680
420
125
87
199
591
645
357
500
1002
1023
728
463
103
313
171
110
263
527
625
355
351
251
112
525
748
160
293
296
446
823
288
418
777
768
186
156
1023
1023
976
681
324
92
298
350
161
207
323
376
864
911
441
91
157
105
179
340
560
952
756
340
122
107
199
284
394
315
319
658
672
622
591
358
231
137
137
308
267
180
729
1023
1023
599
207
136
271
474
743
919
732
531
638
738
368
243
420
1023
1023
716
569
364
242
138
263
399
818
1023
1023
825
349
792
460
168
127
168
359
568
1023
872
808
458
163
172
173
474
774
914
644
395
258
225
149
138
150
330
273
747
887
575
361
214
197
235
134
256
421
607
664
398
131
186
350
367
444
317
573
1023
1023
814
281
132
143
201
169
535
565
288
460
619
382
419
117
138
368
283
256
980
1023
536
1023
453
190
168
361
1023
1023
1023
857
401
1023
507
174
161
342
409
179
315
360
392
912
763
98
106
357
758
996
1023
595
186
287
217
160
174
328
437
591
998
769
339
179
407
496
285
289
391
441
654
319
330
169
154
145
279
269
352
577
667
729
169
102
228
136
288
410
1023
1023
737
150
538
419
152
143
349
613
945
793
505
116
265
285
219
195
522
1023
813
454
624
130
471
356
419
314
414
599
1023
764
420
337
517
127
455
668
1023
1023
632
298
163
128
153
240
122
388
724
788
738
718
557
173
162
826
532
485
360
272
435
325
394
284
181
153
280
418
548
515
675
414
146
148
110
179
308
497
670
722
1000
599
688
322
826
411
310
434
628
612
192
233
130
607
998
137
376
721
801
551
373
381
286
244
186
243
343
717
981
566
249
153
135
112
406
434
539
243
418
381
254
184
302
515
394
329
378
518
726
722
1023
918
223
115
226
470
1023
1023
840
306
403
369
175
112
203
436
495
345
729
676
278
197
119
352
338
566
724
