594
795
998
836
718
502
355
232
112
99
140
407
670
644
685
500
221
117
118
106
265
333
623
945
844
633
374
124
130
176
290
616
751
626
517
490
390
123
170
201
450
604
627
677
446
184
235
218
429
147
299
413
292
463
437
159
146
127
138
239
416
549
551
649
456
251
161
263
158
221
447
750
780
613
550
342
148
209
220
309
417
672
630
491
193
126
167
105
94
289
558
617
600
588
266
323
154
134
134
902
1023
815
597
392
399
213
177
334
444
615
604
514
528
379
322
126
149
141
314
367
561
793
649
320
149
136
77
207
417
561
697
722
276
172
389
287
136
137
344
1023
500
714
821
358
130
191
132
192
250
512
751
532
430
504
455
190
99
488
831
770
563
532
352
353
272
91
206
410
633
806
795
518
508
289
161
168
198
588
855
970
754
438
156
183
218
155
268
447
620
1023
738
132
152
490
416
115
247
394
549
658
569
128
95
115
114
219
259
748
927
767
535
379
303
144
164
186
325
600
754
689
414
521
266
123
100
279
577
846
981
661
570
165
302
431
378
294
329
409
675
531
249
123
218
191
135
261
496
752
756
481
356
260
254
193
149
306
697
797
749
485
276
123
154
205
278
320
292
633
784
519
344
186
149
200
267
395
614
615
462
293
346
254
80
160
311
713
906
670
508
117
212
197
132
209
331
471
536
577
479
312
106
174
123
230
491
611
762
663
341
268
117
119
84
193
370
528
665
684
324
110
120
207
172
279
265
567
822
654
424
314
139
73
93
293
543
644
658
577
370
132
193
88
88
314
517
685
698
375
135
252
432
698
373
371
828
1023
1023
842
459
113
121
201
275
361
577
742
578
362
344
141
124
92
279
484
586
665
546
356
174
149
85
114
402
466
470
783
567
227
122
134
111
190
445
659
624
485
343
288
180
131
136
285
633
993
875
522
230
290
277
95
105
297
425
695
668
584
335
154
164
73
178
384
586
563
610
516
550
413
353
255
165
672
740
729
704
604
550
148
136
103
186
561
584
703
717
624
478
314
140
500
473
545
442
458
605
168
83
165
116
270
397
366
813
876
654
298
130
132
96
109
297
343
366
548
689
563
315
212
141
402
594
497
394
453
199
201
228
139
87
278
464
620
575
523
320
241
140
110
137
318
700
835
719
583
308
94
147
86
219
407
568
708
674
383
200
248
113
71
208
579
746
695
498
304
357
172
134
89
319
618
542
442
446
449
315
263
92
125
408
526
572
650
605
141
79
143
165
120
309
367
598
714
707
606
278
183
119
268
383
623
670
417
326
239
272
463
364
189
272
828
852
568
585
483
175
140
69
243
426
640
740
669
497
241
128
288
259
316
439
612
591
501
338
113
140
125
205
378
698
643
764
612
511
352
234
307
194
444
365
490
616
563
590
527
130
114
265
469
633
675
610
347
182
144
96
78
280
432
613
535
508
466
243
119
156
182
360
633
804
679
515
321
115
224
217
175
342
560
644
614
310
99
155
216
137
233
414
841
1023
693
595
101
219
407
188
302
424
956
850
804
424
197
115
136
237
329
848
974
1023
657
366
278
395
191
350
462
509
528
567
324
101
134
157
88
169
297
563
761
683
498
359
367
429
518
225
578
968
1023
787
370
126
155
158
124
257
513
831
893
525
221
145
112
160
143
334
515
601
542
303
101
118
138
172
183
590
705
492
444
131
117
127
215
70
255
586
731
692
589
391
168
133
116
105
335
725
845
651
505
142
133
209
217
234
257
385
992
994
621
578
139
138
85
107
346
558
574
544
382
515
149
130
107
209
363
380
521
643
413
223
152
143
296
336
484
523
511
429
185
104
137
102
155
349
653
550
649
653
552
298
158
261
248
410
595
584
506
484
478
265
143
73
112
324
527
354
493
375
444
602
524
176
231
789
883
653
506
95
175
160
108
228
271
459
769
908
700
426
163
130
127
269
454
716
787
586
368
292
214
131
125
199
367
533
776
908
450
243
271
143
330
414
677
854
559
359
101
103
259
136
210
266
311
217
619
733
612
664
287
181
412
389
525
611
512
344
163
119
146
143
95
352
576
477
607
586
312
183
159
86
183
438
678
793
701
372
266
134
253
103
278
494
523
717
393
112
284
370
327
292
346
1017
1023
976
620
89
327
220
198
331
388
740
515
561
407
372
119
137
98
183
616
977
862
694
475
115
155
129
111
229
386
850
843
721
367
305
181
84
227
314
654
1023
788
834
359
124
192
168
303
597
829
597
435
251
157
320
281
306
227
588
649
806
653
461
460
238
113
200
230
584
601
483
661
574
169
182
485
631
307
214
501
264
329
325
433
373
371
288
301
710
1023
1023
724
370
119
123
184
315
547
882
735
581
362
248
177
266
93
213
736
725
306
352
224
742
489
409
103
299
408
836
610
659
485
172
127
134
154
272
307
330
323
333
420
259
432
420
306
361
639
689
641
542
237
128
145
86
229
380
501
610
574
492
400
217
118
200
358
719
886
782
529
362
120
126
102
109
276
363
635
1023
1023
643
189
142
143
248
458
653
791
722
476
371
329
177
95
431
679
513
626
714
559
381
209
117
104
223
518
778
948
673
187
113
181
230
81
289
397
535
707
489
232
139
153
373
175
381
704
835
654
402
200
362
115
136
305
657
832
587
572
328
215
112
129
88
232
576
1023
1023
786
475
82
303
241
338
247
496
558
595
399
247
274
139
170
117
262
581
714
757
483
259
127
123
115
100
282
432
288
370
193
189
366
459
157
393
1016
837
409
418
192
241
130
109
134
211
409
364
479
498
449
118
152
244
227
261
304
494
531
512
355
533
376
83
151
395
811
731
338
207
292
253
401
308
136
343
806
812
419
354
547
151
130
96
193
347
392
523
705
354
237
160
111
211
325
464
787
913
580
588
306
127
263
291
346
332
319
604
487
353
419
598
278
274
424
796
867
576
446
290
166
140
87
174
343
648
536
375
361
489
135
319
268
266
287
274
504
628
986
685
309
100
489
751
488
741
832
721
425
142
272
200
163
292
545
734
845
438
100
143
125
91
216
284
396
436
772
833
317
131
171
107
348
252
293
691
777
707
620
261
220
391
320
397
498
531
294
167
135
349
134
453
273
576
526
807
489
95
258
317
101
212
427
549
216
322
313
98
698
996
535
257
607
836
836
724
581
460
248
173
269
466
525
962
783
337
102
182
193
351
277
351
588
672
593
619
458
393
145
154
151
480
476
492
729
851
484
190
434
287
165
391
304
832
860
606
361
149
205
94
275
376
977
1007
594
371
338
167
156
312
370
481
745
552
998
748
552
187
412
619
460
879
855
422
243
446
361
122
178
404
561
509
367
453
460
522
208
103
98
242
520
651
775
380
204
99
336
147
329
287
529
576
1023
1023
712
185
741
1023
326
331
394
192
309
374
234
801
388
121
125
278
841
1023
1008
644
129
516
261
135
147
264
353
535
364
170
772
268
284
353
252
451
680
799
618
352
223
140
152
113
292
498
532
516
269
115
134
135
175
263
435
852
866
779
632
304
424
651
95
674
1023
1023
524
444
345
293
405
157
156
436
723
752
1023
847
317
113
503
196
264
240
692
846
963
451
141
105
143
115
339
294
782
850
886
945
518
118
176
401
206
430
213
484
539
1023
1023
456
164
84
212
690
707
743
813
432
321
206
334
343
415
455
386
398
452
78
555
573
162
758
537
765
732
294
239
141
331
264
92
185
285
308
568
666
244
359
323
179
287
516
802
817
345
331
97
125
273
210
181
235
345
286
328
319
105
393
432
82
756
615
243
742
309
393
175
101
124
113
148
285
272
672
780
444
146
145
212
197
327
830
863
378
607
1023
494
149
765
824
248
644
746
400
604
226
157
191
1023
1023
742
232
930
383
338
385
183
197
133
172
517
706
480
504
384
180
186
243
105
96
310
631
805
639
437
281
365
246
224
377
479
858
679
624
470
255
179
106
106
265
271
404
1006
945
233
175
568
203
141
334
531
545
404
266
321
371
173
118
129
536
401
472
1000
848
768
811
369
394
807
1023
839
368
333
153
481
1023
886
205
564
735
1023
792
491
179
312
176
98
120
354
453
159
472
965
1023
204
116
147
136
269
665
869
553
234
209
180
369
111
148
639
663
633
443
114
101
134
110
330
357
391
745
869
766
503
270
134
115
130
267
211
260
255
302
701
895
856
731
95
376
664
713
847
604
618
505
286
92
281
412
938
974
809
385
87
305
350
372
336
425
852
1023
520
340
154
806
322
89
274
420
431
492
478
93
217
315
457
339
273
225
208
614
435
97
217
549
587
125
339
1023
1023
600
203
272
131
222
166
225
316
488
985
478
142
457
493
151
76
224
703
645
740
571
165
419
484
73
346
476
817
1023
436
315
91
390
320
151
130
344
401
812
997
858
198
209
199
213
502
617
672
558
414
111
309
122
102
151
267
241
381
332
451
407
252
689
427
129
359
764
777
1023
1023
1023
818
162
719
934
818
424
251
427
848
540
1023
804
106
518
516
632
596
428
379
370
602
167
81
229
474
872
366
395
277
434
818
155
143
437
742
1023
1023
307
243
243
135
143
561
518
265
1023
1023
834
101
