121
213
371
538
1023
1023
1023
1023
667
258
122
260
409
526
1023
1023
1023
1023
601
208
158
271
453
700
1023
1023
1023
960
450
141
178
299
457
860
1023
1023
1023
858
401
110
191
349
525
1023
1023
1023
1023
724
319
122
250
385
519
1023
1023
1023
1023
628
255
123
287
428
635
1023
1023
1023
963
469
159
159
297
436
827
1023
1023
1023
924
409
149
183
346
484
1023
1023
1023
1023
767
308
133
247
349
491
1023
1023
1023
1023
672
241
117
251
440
598
1023
1023
1023
1023
516
176
163
252
466
759
1023
1023
1023
922
462
140
191
308
512
1004
1023
1023
1023
754
362
109
208
362
481
1023
1023
1023
1023
699
267
144
223
417
509
1023
1023
1023
1023
517
182
151
302
443
651
1023
1023
1023
981
485
154
193
312
479
964
1023
1023
1023
843
390
115
202
326
504
1023
1023
1023
1023
739
286
114
223
409
598
1023
1023
1023
1023
581
211
130
263
428
639
1023
1023
1023
980
505
169
159
278
455
916
1023
1023
1023
823
378
117
205
347
499
1023
1023
1023
1023
783
347
126
213
389
530
1023
1023
1023
1023
695
239
133
248
430
504
1023
1023
1023
1023
564
164
161
273
472
802
1023
1023
1023
868
416
118
196
305
491
1011
1023
1023
1023
816
377
100
227
346
548
1023
1023
1023
1023
652
264
149
226
367
520
1023
1023
1023
1023
598
180
164
242
409
702
1023
1023
1023
924
418
146
191
335
462
872
1023
1023
1023
842
397
109
193
349
515
1023
1023
1023
1023
717
271
114
258
386
544
1023
1023
1023
1023
608
277
141
252
426
620
1023
1023
1023
873
470
152
166
318
428
879
1023
1023
1023
875
418
156
212
346
488
1023
1023
1023
1023
674
289
108
250
412
513
1023
1023
1023
1023
672
234
123
274
459
603
1023
1023
1023
1023
474
167
179
312
495
714
1023
1023
1023
932
482
114
157
315
488
1012
1023
1023
1023
758
263
93
235
360
597
1023
1023
1023
1023
693
288
126
210
402
580
1023
1023
1023
1023
555
148
148
274
428
787
1023
1023
1023
1023
469
146
194
251
472
965
1023
1023
1023
843
346
129
217
354
487
1023
1023
1023
1023
750
297
123
225
406
550
1023
1023
1023
1023
561
214
106
235
411
612
1023
1023
1023
1008
517
155
183
300
465
874
1023
1023
1023
803
410
112
200
325
491
1023
1023
1023
1023
743
320
122
219
380
517
1023
1023
1023
1023
601
213
144
256
404
551
1023
1023
1023
1020
513
158
149
293
479
832
1023
1023
1023
904
424
110
187
348
490
971
1023
1023
1023
792
361
85
225
381
527
1023
1023
1023
1023
644
251
144
259
399
547
1023
1023
1023
1023
544
186
163
309
473
809
1023
1023
1023
892
438
147
172
327
468
966
1023
1023
1023
855
387
121
204
366
514
1023
1023
1023
1023
710
236
127
243
409
490
1023
1023
1023
1023
626
203
144
245
461
683
1023
1023
1023
963
510
131
168
300
468
878
1023
1023
1023
882
412
98
215
338
517
1023
1023
1023
1023
699
317
116
256
380
516
1023
1023
1023
1023
622
254
145
257
416
585
1023
1023
1023
1023
466
159
166
269
427
735
1023
1023
1023
897
429
112
208
315
501
1023
1023
1023
1023
755
313
95
220
382
534
1023
1023
1023
1023
679
266
114
233
430
543
1023
1023
1023
1012
532
181
155
272
427
730
1023
1023
1023
916
462
122
218
282
471
1018
1023
1023
1023
773
341
111
206
364
496
1023
1023
1023
1023
706
273
115
235
421
552
1023
1023
1023
1023
538
171
149
234
441
623
1023
1023
1023
987
511
131
180
326
478
901
1023
1023
1023
816
387
107
221
341
512
1023
1023
1023
1023
751
334
123
220
388
579
1023
1023
1023
1023
587
232
109
278
425
606
1023
1023
1023
1023
488
215
133
311
453
875
1023
1023
1023
911
401
150
186
322
472
967
1023
1023
1023
806
332
110
243
390
533
1023
1023
1023
1023
648
226
132
256
417
533
1023
1023
1023
1023
577
199
158
264
464
790
1023
1023
1023
914
472
111
168
268
474
947
1023
1023
1023
785
375
107
222
340
503
1023
1023
1023
1023
649
255
120
244
396
529
1023
1023
1023
1023
584
199
156
292
424
682
1023
1023
1023
974
463
116
162
302
464
874
1023
1023
1023
872
402
106
205
350
516
1023
1023
1023
1023
729
283
129
243
380
517
1023
1023
1023
1023
618
252
144
255
416
644
1023
1023
1023
953
497
163
155
286
449
863
1023
1023
1023
904
410
117
186
375
506
1023
1023
1023
1023
762
302
119
230
386
485
1023
1023
1023
1023
680
238
138
270
422
546
1023
1023
1023
1009
519
162
180
253
452
787
1023
1023
1023
922
493
126
204
308
510
1023
1023
1023
1023
779
358
100
218
335
526
1023
1023
1023
1023
678
294
108
250
393
526
1023
1023
1023
1023
529
188
154
267
430
643
1023
1023
1023
968
465
140
199
298
497
941
1023
1023
1023
827
364
107
184
329
508
1023
1023
1023
1023
761
315
119
217
385
546
1023
1023
1023
1023
599
206
120
254
422
617
1023
1023
1023
987
499
189
155
305
438
879
1023
1023
1023
841
386
113
215
358
480
1023
1023
1023
1023
756
332
123
246
393
539
1023
1023
1023
1023
626
226
126
240
420
551
1023
1023
1023
1023
569
170
158
285
476
758
1023
1023
1023
865
425
105
193
285
481
1020
1023
1023
1023
800
370
115
242
387
577
1023
1023
1023
1023
654
272
133
265
397
576
1023
1023
1023
1023
570
208
136
292
426
710
1023
1023
1023
975
433
145
190
306
446
876
1023
1023
1023
880
368
116
186
352
556
1023
1023
1023
1023
709
271
130
218
396
540
1023
1023
1023
1023
640
235
151
262
443
656
1023
1023
1023
941
493
124
171
277
448
835
1023
1023
1023
863
432
114
184
308
489
1023
1023
1023
1023
684
323
100
201
355
504
1023
1023
1023
1023
631
242
144
276
426
575
1023
1023
1023
1023
487
144
151
275
465
753
1023
1023
1023
942
470
129
166
316
503
1021
1023
1023
1023
774
318
101
236
343
517
1023
1023
1023
1023
679
276
113
237
399
539
1023
1023
1023
1011
538
170
164
302
450
742
1023
1023
1023
987
474
149
179
311
437
997
1023
1023
1023
816
339
118
206
357
482
1023
1023
1023
1023
783
271
131
259
383
528
1023
1023
1023
1023
596
176
212
250
435
630
1023
1023
1023
1013
575
142
158
277
461
931
1023
1023
1023
839
381
102
289
318
502
1023
1023
1023
1023
744
405
113
243
378
494
1023
1023
1023
1023
585
207
132
318
407
516
1023
1023
1023
1023
506
205
175
297
444
727
1023
1023
1023
816
388
108
176
345
492
976
1023
1023
1023
819
357
102
198
382
535
1023
1023
1023
1023
661
253
104
213
399
500
1023
1023
1023
1023
565
189
157
272
439
772
1023
1023
1023
871
409
144
188
304
475
982
1023
1023
1023
817
384
132
217
357
503
1023
1023
1023
1023
684
268
132
242
406
508
1023
1023
1023
1023
617
205
147
258
460
653
1023
1023
1023
938
455
127
169
271
470
896
1023
1023
1023
877
416
128
202
353
540
1023
1023
1023
1023
704
303
113
251
366
515
1023
1023
1023
1023
618
230
125
295
427
637
1023
1023
1023
1023
480
169
152
297
418
775
1023
1023
1023
951
446
129
182
337
469
1004
1023
1023
1023
756
299
108
239
351
538
1023
1023
1023
1023
678
254
121
252
425
559
1023
1023
1023
1023
548
196
157
268
433
720
1023
1023
1023
905
479
158
196
292
450
998
1023
1023
1023
773
338
115
207
381
510
1023
1023
1023
1023
693
285
129
256
424
522
1023
1023
1023
1023
563
185
133
259
437
631
1023
1023
1023
1023
517
124
184
303
464
914
1023
1023
1023
843
380
98
197
345
507
1023
1023
1023
1023
756
318
124
241
371
554
1023
1023
1023
1023
590
226
157
268
400
586
1023
1023
1023
1002
503
184
178
300
464
897
1023
1023
1023
863
391
133
172
326
522
1023
1023
1023
1023
817
328
127
206
382
517
1023
1023
1023
1023
644
218
129
261
411
514
1023
1023
1023
1023
537
161
163
291
483
819
1023
1023
1023
896
417
147
198
300
495
937
1023
1023
1023
822
396
122
222
361
536
1023
1023
1023
1023
646
261
116
240
384
496
1023
1023
1023
1023
585
203
135
274
456
689
1023
1023
1023
946
440
126
199
318
473
878
1023
1023
1023
872
406
106
210
337
526
1023
1023
1023
1023
735
313
133
253
385
524
1023
1023
1023
1023
627
243
146
256
428
637
1023
1023
1023
970
503
169
156
295
428
839
1023
1023
1023
864
425
125
189
343
495
1023
1023
1023
1023
741
274
128
225
390
501
1023
1023
1023
1023
676
251
141
255
440
518
1023
1023
1023
1023
516
152
162
290
454
724
1023
1023
1023
879
460
132
191
316
496
1023
1023
1023
1023
736
349
121
226
338
538
1023
1023
1023
1023
706
287
124
244
420
575
1023
1023
1023
1023
531
190
152
275
408
659
1023
1023
1023
993
442
137
169
315
472
968
1023
1023
1023
864
333
118
219
365
504
1023
1023
1023
1023
746
300
118
240
412
557
1023
1023
1023
1023
605
216
141
247
437
607
1023
1023
1023
976
527
161
180
273
481
908
1023
1023
1023
808
389
107
186
317
471
1023
1023
1023
1023
767
334
111
240
389
527
1023
1023
1023
1023
587
227
127
258
437
550
1023
1023
1023
1023
566
183
174
291
451
797
1023
1023
1023
926
452
120
171
293
470
938
1023
1023
1023
796
352
125
194
378
537
1023
1023
1023
1023
620
259
129
270
393
530
1023
1023
1023
1023
560
201
142
306
415
750
1023
1023
1023
896
416
132
184
318
434
911
1023
1023
1023
864
364
125
199
364
478
1023
1023
1023
1023
703
256
141
253
404
515
1023
1023
1023
1023
614
204
139
254
454
676
1023
1023
1023
955
464
142
179
292
475
861
1023
1023
1023
854
405
108
214
341
528
1023
1023
1023
1023
718
281
112
222
362
502
1023
1023
1023
1023
644
269
145
256
417
576
1023
1023
1023
997
478
138
151
293
460
764
1023
1023
1023
914
437
127
166
345
532
1023
1023
1023
1023
762
327
109
242
359
517
1023
1023
1023
1023
685
272
124
235
412
546
1023
1023
1023
