173
266
373
522
1023
1023
1023
1023
617
198
142
314
424
566
1023
1023
1023
1015
464
108
184
318
450
582
1023
1023
1023
939
386
102
237
373
504
850
1023
1023
1023
752
253
108
265
386
513
990
1023
1023
1023
668
220
136
273
439
568
1023
1023
1023
1023
521
123
183
305
464
556
1023
1023
1023
916
431
86
211
329
482
784
1023
1023
1023
772
344
94
241
356
494
1008
1023
1023
1023
711
241
130
294
425
552
1023
1023
1023
1023
541
155
163
299
451
533
1023
1023
1023
1016
475
101
204
333
494
717
1023
1023
1023
828
311
98
237
353
481
860
1023
1023
1023
716
292
107
278
402
542
1023
1023
1023
1023
558
168
149
321
425
567
1023
1023
1023
961
485
151
181
349
467
673
1023
1023
1023
872
353
107
210
380
476
869
1023
1023
1023
797
259
131
265
421
520
1023
1023
1023
1023
598
178
152
293
457
524
1023
1023
1023
1023
532
122
169
311
494
622
1023
1023
1023
881
351
88
242
353
512
791
1023
1023
1023
760
325
86
226
374
536
1023
1023
1023
1023
614
179
140
285
407
563
1023
1023
1023
1023
523
121
195
280
454
493
1023
1023
1023
906
394
115
203
355
485
746
1023
1023
1023
878
317
86
225
345
523
985
1023
1023
1023
725
245
120
257
401
538
1023
1023
1023
1016
627
161
164
294
350
550
1023
1023
1023
920
412
86
269
330
468
700
1023
1023
1023
783
352
88
240
354
413
960
1023
1023
1023
673
239
111
266
410
501
1023
1023
1023
1023
599
150
144
284
460
511
1023
1023
1023
931
448
99
184
323
473
574
1023
1023
1023
813
361
72
212
318
469
858
1023
1023
1023
708
262
111
287
385
541
1023
1023
1023
1023
575
172
123
315
405
546
1023
1023
1023
1023
458
121
189
328
460
537
1023
1023
1023
909
368
90
213
345
454
738
1023
1023
1023
756
258
100
260
396
515
927
1023
1023
1023
646
194
141
292
428
565
1023
1023
1023
1023
486
93
195
296
454
556
1023
1023
1023
889
430
95
201
312
463
716
1023
1023
1023
747
296
99
258
363
477
919
1023
1023
1023
623
220
120
261
386
490
1023
1023
1023
1023
529
152
128
296
455
544
1023
1023
1023
968
437
88
173
306
455
623
1023
1023
1023
831
320
77
239
362
492
780
1023
1023
1023
683
263
95
250
360
520
1023
1023
1023
1023
550
146
176
291
401
513
1023
1023
1023
924
443
108
197
325
419
598
1023
1023
1023
840
330
78
236
361
462
780
1023
1023
1023
755
232
95
241
373
471
978
1023
1023
1023
619
156
160
308
428
520
1023
1023
1023
957
471
91
173
309
453
546
1023
1023
1023
899
359
69
229
335
474
688
1023
1023
1023
751
301
87
259
339
489
942
1023
1023
1023
602
196
137
289
387
507
1023
1023
1023
1023
518
139
157
299
443
516
1023
1023
1023
905
397
74
207
345
473
615
1023
1023
1023
810
304
77
226
348
471
907
1023
1023
1023
695
205
116
263
377
521
1007
1023
1023
1011
573
151
149
271
409
540
1023
1023
1023
938
448
94
217
320
429
581
1023
1023
1023
806
329
94
222
348
441
851
1023
1023
1023
686
226
98
269
410
499
996
1023
1023
1023
586
147
146
260
388
500
1023
1023
1023
955
495
103
180
305
441
495
1023
1023
1023
831
383
88
200
316
479
772
1023
1023
1023
722
276
105
284
367
503
944
1023
1023
1023
616
222
135
286
373
523
1023
1023
1023
1023
472
124
161
321
451
553
1023
1023
1023
917
342
74
201
330
437
643
1023
1023
1023
769
259
97
267
376
493
843
1023
1023
1023
660
219
114
267
395
509
1023
1023
1023
1023
548
137
179
297
440
522
1023
1023
1023
908
434
94
202
313
464
647
1023
1023
1023
760
311
85
248
360
469
835
1023
1023
1023
651
229
105
257
359
476
1023
1023
1023
1023
544
148
150
291
421
519
1023
1023
1023
989
458
100
187
302
435
544
1023
1023
1023
894
368
74
214
347
478
709
1023
1023
1023
713
272
83
232
360
496
975
1023
1023
1023
586
181
134
300
396
533
1023
1023
1023
941
495
139
171
305
418
539
1023
1023
1023
896
363
87
195
339
442
688
1023
1023
1023
781
275
99
226
339
450
920
1023
1023
1023
675
190
141
299
407
512
1023
1023
1023
994
549
128
160
276
421
527
1023
1023
1023
918
409
76
230
316
473
608
1023
1023
1023
783
315
83
235
335
470
875
1023
1023
1023
620
224
104
275
372
510
1023
1023
1023
1023
545
155
148
269
386
492
1023
1023
1023
939
412
86
209
341
472
543
1023
1023
1023
835
334
74
223
342
495
818
1023
1023
1023
736
241
111
262
377
509
960
1023
1023
1023
606
175
150
248
394
516
1023
1023
1023
955
447
110
176
313
445
539
1023
1023
1023
834
365
85
205
333
435
767
1023
1023
1023
714
256
92
267
386
479
933
1023
1023
1023
643
176
132
240
403
496
1023
1023
1023
1023
503
124
150
311
460
518
1023
1023
1023
861
418
94
192
288
440
667
1023
1023
1023
748
292
87
243
332
475
856
1023
1023
1023
674
236
106
268
376
521
1023
1023
1023
1023
531
141
150
310
410
530
1023
1023
1023
970
404
113
167
294
415
582
1023
1023
1023
819
279
91
267
374
472
741
1023
1023
1023
678
231
92
253
336
482
995
1023
1023
1023
568
153
164
282
421
521
1023
1023
1023
921
503
106
175
275
408
527
1023
1023
1023
826
359
67
256
328
445
713
1023
1023
1023
699
302
93
273
374
453
1013
1023
1023
1023
570
163
141
339
416
503
1023
1023
1023
1008
489
166
167
284
432
460
1023
1023
1023
886
386
87
192
383
479
615
1023
1023
1023
741
293
102
209
328
462
815
1023
1023
1023
640
214
108
273
441
510
1023
1023
1023
982
542
156
140
296
405
528
1023
1023
1023
890
358
104
192
345
516
594
1023
1023
1023
811
280
104
171
333
429
829
1023
1023
1023
734
190
116
268
370
471
934
1023
1023
1000
550
149
137
271
404
501
1023
1023
1023
943
430
85
196
308
462
549
1023
1023
1023
865
362
67
212
297
455
755
1023
1023
1023
698
257
93
264
371
483
922
1023
1023
1023
569
177
144
284
377
496
1023
1023
1023
967
449
102
173
324
431
479
1023
1023
1023
857
356
69
201
316
451
691
1023
1023
1023
760
274
88
257
371
486
878
1023
1023
1023
638
224
124
263
388
492
1023
1023
1023
995
513
121
164
305
421
544
1023
1023
1023
906
414
83
198
308
432
666
1023
1023
1023
776
296
84
239
378
473
828
1023
1023
1023
720
235
105
248
379
491
1023
1023
1023
1023
579
150
155
287
421
494
1023
1023
1023
931
466
79
189
273
419
550
1023
1023
1023
811
337
68
238
341
489
752
1023
1023
1023
718
268
84
274
352
495
994
1023
1023
1023
576
182
122
292
377
497
1023
1023
1023
1016
478
132
173
306
408
487
1023
1023
1023
896
341
87
213
330
447
631
1023
1023
1023
771
282
85
232
359
501
914
1023
1023
1023
656
193
123
278
409
525
1023
1023
1023
1023
612
155
177
300
437
556
1023
1023
1023
936
467
92
206
316
475
624
1023
1023
1023
840
358
97
222
344
480
915
1023
1023
1023
673
256
93
270
397
509
1023
1023
1023
1023
609
152
152
314
462
545
1023
1023
1023
1018
465
95
186
314
474
533
1023
1023
1023
914
408
75
230
342
478
768
1023
1023
1023
707
272
101
261
376
512
968
1023
1023
1023
626
192
155
302
410
536
1023
1023
1023
1023
520
150
155
341
465
583
1023
1023
1023
926
398
102
201
364
463
749
1023
1023
1023
808
266
94
253
376
480
873
1023
1023
1023
670
199
129
270
405
517
1023
1023
1023
1023
526
122
163
287
449
546
1023
1023
1023
950
422
95
231
315
472
677
1023
1023
1023
787
327
81
263
354
491
846
1023
1023
1023
661
262
110
259
383
511
1023
1023
1023
1023
533
146
154
311
442
520
1023
1023
1023
928
422
86
198
334
463
592
1023
1023
1023
852
318
75
230
355
481
765
1023
1023
1023
737
270
80
245
365
480
1023
1023
1023
1023
589
169
153
281
424
544
1023
1023
1023
920
461
104
199
327
421
571
1023
1023
1023
836
345
78
223
361
477
738
1023
1023
1023
712
262
80
237
365
477
1013
1023
1023
1023
607
172
135
286
418
500
1023
1023
1023
948
514
131
161
290
422
488
1023
1023
1023
873
383
85
209
342
488
647
1023
1023
1023
763
312
110
222
320
483
932
1023
1023
1023
662
228
113
313
389
523
1023
1023
1023
1023
525
174
132
290
407
530
1023
1023
1023
948
393
96
198
321
436
513
1023
1023
1023
800
301
82
224
339
461
793
1023
1023
1023
671
223
114
258
398
520
979
1023
1023
1023
577
174
147
263
388
511
1023
1023
1023
954
455
90
198
304
445
524
1023
1023
1023
782
340
81
217
311
438
782
1023
1023
1023
687
241
107
263
388
487
954
1023
1023
1023
554
177
126
273
395
494
1023
1023
1023
1023
484
99
180
316
453
536
1023
1023
1023
851
383
77
201
324
462
671
1023
1023
1023
715
281
91
229
354
494
847
1023
1023
1023
617
243
122
249
345
486
1023
1023
1023
974
520
127
157
340
435
559
1023
1023
1023
893
388
94
172
325
439
660
1023
1023
1023
840
294
94
238
369
473
780
1023
1023
1023
705
233
114
252
364
473
996
1023
1023
1023
540
130
171
304
428
523
1023
1023
1023
937
446
102
181
279
431
568
1023
1023
1023
835
351
77
224
333
471
718
1023
1023
1023
665
280
84
238
324
458
966
1023
1023
1023
557
157
155
324
414
509
1023
1023
1023
931
462
109
178
290
417
487
1023
1023
1023
861
351
72
223
348
463
644
1023
1023
1023
755
268
111
222
345
475
887
1023
1023
1023
620
185
126
284
418
520
1019
1023
1023
905
492
141
140
262
375
514
1023
1023
1023
891
370
69
219
361
468
618
1023
1023
1023
769
284
67
216
351
459
892
1023
1023
1023
676
157
122
276
403
516
1021
1023
1023
1023
592
151
135
223
401
482
1023
1023
1023
891
439
84
199
330
458
565
1023
1023
1023
