853
722
400
202
56
78
165
267
796
941
914
667
382
166
58
95
208
435
922
994
881
563
310
122
61
118
206
538
915
948
801
544
277
89
69
145
248
686
1001
1023
714
460
220
62
73
153
255
734
955
949
653
397
181
56
87
170
417
868
1007
894
579
318
124
57
103
185
518
879
921
818
529
285
106
69
146
229
671
996
997
766
455
221
81
67
178
249
726
947
919
708
429
195
72
79
192
325
840
1022
914
591
354
152
61
105
201
465
846
946
813
552
319
101
69
127
238
623
942
1012
748
482
242
80
79
135
244
699
949
954
718
444
237
66
102
184
327
824
1019
982
665
344
164
52
93
188
413
852
935
851
606
317
139
63
126
205
558
992
986
798
514
251
86
77
140
214
631
979
925
756
467
220
68
77
159
262
795
1022
997
661
395
175
47
82
183
377
830
950
894
587
355
142
54
96
207
528
893
1004
849
518
294
102
54
130
206
630
913
927
763
476
230
70
75
169
257
774
1017
999
677
392
173
57
90
182
324
807
965
893
661
363
152
63
100
189
491
926
1012
837
550
295
104
63
118
224
541
893
940
752
492
267
73
75
140
251
717
987
996
673
417
198
73
80
155
301
810
939
915
639
384
171
53
94
190
463
896
1006
905
576
298
130
64
114
199
550
904
952
803
538
268
81
77
134
246
710
996
969
713
457
207
71
85
171
257
723
957
908
674
399
185
50
86
205
406
856
1023
897
597
324
126
58
104
210
507
882
976
838
534
294
108
63
123
254
666
989
994
799
463
241
68
66
150
222
727
926
923
710
415
197
52
91
184
321
864
990
926
605
332
143
50
103
194
456
895
960
830
581
317
105
63
123
234
614
972
999
779
499
261
85
58
137
236
689
942
949
693
443
224
51
87
171
307
792
1001
962
616
358
148
41
105
193
440
843
936
858
581
322
137
64
124
218
587
964
983
808
489
254
97
70
130
211
668
931
924
757
477
218
72
74
159
252
801
1022
957
648
382
159
65
79
183
364
811
967
849
603
358
139
62
92
200
541
916
1020
789
532
284
84
78
120
229
627
926
970
756
475
244
56
87
141
255
774
1008
999
682
405
185
60
90
160
328
812
959
894
664
355
174
64
112
193
439
913
994
844
537
275
114
57
140
222
571
935
942
784
511
259
91
73
157
251
716
1023
1002
711
394
198
56
74
183
278
775
969
951
633
388
188
66
94
180
439
863
1009
921
551
280
112
66
113
225
559
887
942
821
514
275
97
67
141
237
712
944
976
728
450
191
71
75
167
282
754
971
930
755
409
176
55
71
202
406
881
991
898
606
323
97
65
101
197
515
905
991
794
592
297
96
69
96
246
634
983
950
731
462
237
78
84
148
241
720
918
918
670
457
196
67
98
166
368
854
1010
917
589
336
165
52
110
196
475
865
943
839
600
302
116
57
119
208
608
978
997
770
513
233
74
69
131
230
663
955
933
711
430
182
61
79
187
326
817
1022
940
640
360
149
54
91
200
430
839
954
856
599
337
116
66
84
214
567
952
1022
848
491
264
91
74
137
232
656
928
938
757
454
223
63
84
167
271
829
982
973
659
376
166
51
81
190
368
835
940
888
636
340
127
56
116
214
533
959
1019
830
541
275
93
74
128
221
612
940
958
740
501
259
77
85
157
252
733
1000
1021
682
409
196
62
84
166
337
779
939
900
613
362
177
68
107
192
500
916
1007
867
532
292
118
58
134
222
588
937
933
791
521
254
84
60
148
254
738
1002
984
725
429
189
74
83
166
251
752
958
888
658
393
157
66
100
206
444
879
1013
854
546
313
121
61
114
224
560
888
948
781
535
276
94
68
119
249
691
989
1023
737
443
227
71
80
153
251
749
954
929
694
374
170
56
89
159
361
885
1005
914
610
323
139
58
111
205
481
890
938
819
559
292
90
68
133
234
629
1000
991
759
467
227
56
76
150
245
720
970
947
716
431
184
58
75
188
366
850
1023
966
604
353
148
51
96
183
467
835
945
850
551
310
115
54
124
214
612
946
999
782
482
228
72
69
153
231
708
956
920
734
440
210
67
81
182
311
813
1022
967
682
379
173
68
95
192
395
847
962
839
598
333
120
71
112
230
547
916
990
803
497
271
93
64
129
248
666
921
940
714
460
232
75
83
159
284
806
993
993
636
376
177
45
89
156
375
840
939
882
625
334
167
63
118
201
541
934
995
835
553
276
108
74
128
226
600
949
915
746
508
238
72
93
151
227
734
1023
980
673
401
177
62
79
184
329
803
983
890
626
357
164
53
100
215
490
929
1023
881
530
304
115
64
117
217
577
905
940
803
495
261
84
75
136
217
724
999
1000
704
415
201
57
87
170
269
805
960
926
662
378
156
58
103
224
460
924
1022
890
580
309
112
51
104
207
545
921
964
790
546
276
93
66
138
254
678
1006
1001
704
442
216
58
79
148
256
741
938
937
655
397
192
57
96
192
411
873
1011
914
580
337
149
47
111
205
531
891
935
856
565
275
109
63
121
218
676
1001
999
761
477
221
77
78
157
225
728
962
920
681
434
185
70
81
181
340
833
1023
916
604
346
141
63
82
182
452
848
967
810
571
313
126
51
121
242
637
974
1023
760
500
267
82
89
153
239
681
953
949
747
436
215
64
90
155
307
835
985
929
664
389
188
65
94
192
408
874
920
834
571
292
123
65
117
230
543
984
998
783
503
262
85
76
127
263
644
926
933
750
483
224
55
69
100
247
831
1023
1023
660
387
162
42
85
174
377
819
962
898
589
327
119
57
98
230
560
915
1004
822
509
277
95
84
147
184
625
943
941
761
477
233
80
77
159
251
772
1012
1001
700
393
165
69
80
200
326
818
965
877
647
363
146
60
100
209
473
918
1023
847
548
309
105
78
120
218
581
908
944
765
513
271
69
77
141
258
730
986
1002
671
416
195
67
101
168
304
790
951
929
669
381
188
61
107
196
461
884
1004
899
589
306
131
65
105
183
525
919
931
774
538
264
100
71
137
230
665
1023
962
703
449
212
63
74
168
256
745
985
929
685
400
174
56
88
203
412
873
1023
905
586
320
135
52
98
214
493
882
950
845
511
286
97
82
122
229
653
965
998
747
446
216
70
78
144
226
742
942
928
701
410
187
65
82
183
332
858
1011
940
615
343
124
50
109
200
484
883
966
829
604
305
104
58
110
244
603
994
986
757
503
244
83
74
146
243
677
948
949
704
459
216
69
94
160
330
803
1003
941
620
354
157
83
103
179
445
888
947
876
574
355
134
53
126
193
606
978
977
795
537
261
100
93
142
222
663
990
913
733
486
268
67
73
162
232
794
1020
962
590
403
167
63
129
193
385
808
1003
852
605
356
191
61
112
239
465
872
1019
846
518
297
117
69
122
219
620
932
997
766
471
248
71
85
155
246
705
1008
1015
710
375
185
51
93
190
310
828
925
906
642
351
161
57
109
196
460
918
999
859
547
270
95
73
125
226
584
928
944
764
497
254
65
68
158
249
739
1016
992
695
441
184
54
76
159
286
767
951
928
644
377
160
59
93
196
458
872
1004
884
536
300
118
75
112
195
565
920
936
790
517
278
88
80
163
246
712
1011
988
739
442
204
67
78
163
259
771
957
924
696
402
171
62
90
191
395
864
1017
882
584
329
116
63
104
208
505
878
970
792
536
301
93
75
130
241
661
977
1019
726
468
242
84
82
163
244
730
935
946
694
409
206
65
90
177
384
863
1003
952
631
326
135
43
110
180
455
874
927
819
583
296
126
67
124
218
615
990
965
759
479
223
83
69
138
249
666
948
919
710
440
199
58
85
182
321
819
1009
936
633
368
154
53
85
194
425
850
958
876
563
342
126
66
102
214
578
941
996
819
475
256
77
68
133
220
675
912
905
709
460
226
62
87
177
274
822
980
976
652
377
157
55
100
191
378
845
968
875
619
334
132
60
108
210
536
947
1023
825
524
274
94
68
122
231
616
927
956
735
479
229
60
83
168
263
747
1000
982
662
385
159
50
82
165
351
822
944
899
597
349
180
58
117
205
516
925
994
865
532
282
126
69
139
201
592
925
926
776
515
253
83
76
159
232
725
995
987
698
437
190
72
79
168
285
771
954
883
646
374
163
57
95
205
468
872
1023
846
541
316
121
69
117
219
572
904
953
798
518
286
95
75
149
250
676
985
1006
756
412
210
67
63
137
234
752
934
912
690
386
171
44
103
180
388
884
998
892
567
313
129
67
116
207
502
899
947
819
546
276
86
65
128
232
661
995
1013
758
476
197
66
63
157
235
712
937
935
650
413
193
54
85
184
374
833
1003
930
582
334
140
49
104
180
489
869
939
836
551
290
109
68
120
228
632
977
984
771
466
229
79
78
152
235
725
946
917
736
441
194
56
96
192
327
843
986
942
648
363
134
55
99
186
416
843
957
820
562
324
112
63
113
224
578
928
1013
756
488
261
73
76
133
243
674
926
943
704
448
230
61
83
169
307
822
1000
992
655
370
176
60
97
167
391
845
941
852
630
339
146
63
119
207
537
940
977
807
528
261
101
72
141
217
609
960
915
736
464
232
66
79
151
251
756
1019
981
678
382
174
51
59
193
