242
302
718
1023
1023
858
568
250
85
120
219
322
877
1023
1023
759
460
170
76
145
245
354
904
1023
1014
724
389
132
89
164
289
575
1023
1023
979
612
313
91
109
171
295
687
1023
1023
932
554
276
89
120
204
313
845
1023
1023
804
448
209
77
137
227
315
929
1023
1023
736
388
142
79
160
271
495
1023
1023
1023
639
321
97
98
178
282
646
1023
1023
929
604
305
78
122
182
313
805
1023
1023
818
512
211
74
128
224
327
864
1023
1023
747
433
176
83
146
266
482
1017
1023
1023
652
345
126
105
168
263
613
1023
1023
953
603
302
91
102
200
298
780
1023
1023
886
512
217
77
122
221
317
886
1023
1023
809
475
186
80
134
248
386
984
1023
1023
703
404
143
93
152
271
531
996
1023
956
631
322
98
102
190
290
719
1023
1023
865
529
241
87
126
201
329
814
1023
1023
829
492
229
69
148
238
387
974
1023
1023
765
375
153
78
140
221
448
1023
1023
942
667
345
131
95
184
295
646
1023
1023
922
566
256
70
114
200
312
777
1023
1023
844
521
217
62
126
239
322
937
1023
1023
750
418
156
82
130
254
438
997
1023
1023
652
356
115
103
168
277
635
1023
1023
976
558
271
78
99
198
298
759
1023
1023
864
543
242
70
121
237
318
917
1023
1023
773
442
156
80
145
248
370
990
1023
1023
724
403
133
94
164
292
595
1023
1023
972
613
309
91
107
179
299
675
1023
1023
881
555
268
73
121
201
329
856
1023
1023
774
444
186
76
134
231
356
944
1023
1023
717
396
153
64
154
267
548
1023
1023
1023
653
330
117
99
174
270
658
1023
1023
917
614
269
97
120
206
308
806
1023
1023
806
494
209
91
137
233
324
875
1023
1023
768
460
161
79
147
276
500
1011
1023
1023
678
351
113
94
142
268
586
1023
1023
968
597
308
80
114
189
304
763
1023
1023
890
485
228
61
130
210
313
889
1023
1023
800
446
187
81
128
242
394
1023
1023
1023
678
355
126
91
168
271
555
1023
1023
960
632
292
88
98
185
297
743
1023
1023
888
540
245
70
115
213
315
821
1023
1023
783
480
198
86
128
243
370
945
1023
1023
687
358
133
76
151
261
537
1015
1023
1006
637
327
94
110
190
315
751
1023
1023
921
542
234
84
117
204
328
813
1023
1023
863
508
213
78
117
233
301
954
1023
1023
750
419
135
87
145
255
462
992
1023
971
683
368
125
99
152
267
660
1023
1023
934
595
301
93
111
194
306
786
1023
1023
852
563
240
63
137
187
356
927
1023
1023
792
416
164
86
138
245
395
1001
1023
1023
736
410
147
102
169
234
577
1023
1023
938
604
277
90
137
180
279
671
1023
1023
875
559
298
74
112
217
281
878
1023
1023
744
453
187
60
171
243
353
946
1023
1023
721
405
171
76
151
266
486
1023
1023
1023
568
332
99
104
221
269
690
1023
1023
894
540
253
87
126
218
315
844
1023
1023
790
462
193
71
138
263
316
936
1023
1023
781
423
149
77
143
265
494
1023
1023
1023
655
331
109
100
174
285
598
1023
1023
912
587
299
75
112
207
345
799
1023
1023
824
509
221
60
141
221
332
874
1023
1023
759
440
185
78
160
255
471
1023
1023
1023
673
353
127
88
159
268
603
1023
1023
969
657
301
111
100
201
301
754
1023
1023
877
573
239
81
111
206
303
816
1023
1023
796
478
188
79
131
254
394
971
1023
1023
709
372
130
76
140
304
537
1010
1023
976
632
340
109
95
169
303
698
1023
1023
936
526
262
78
112
177
275
786
1023
1023
833
476
225
84
129
238
321
1000
1023
1023
718
380
149
87
150
261
466
1020
1023
997
681
355
109
89
176
299
649
1023
1023
923
582
281
73
114
194
315
765
1023
1023
822
503
211
72
127
216
326
908
1023
1023
725
426
177
80
153
255
440
959
1023
1023
679
371
136
107
174
268
640
1023
1023
972
567
267
97
94
196
306
743
1023
1023
901
544
244
75
126
245
348
909
1023
1023
791
467
160
77
120
235
363
943
1023
1019
720
403
139
99
159
278
555
1023
1023
971
596
314
77
110
176
298
695
1023
1023
876
564
274
80
122
209
332
838
1023
1023
827
477
210
83
134
229
329
911
1023
1023
790
408
163
75
154
252
501
1023
1023
999
658
310
100
100
168
272
610
1023
1023
912
589
277
67
105
209
321
792
1023
1023
837
495
208
60
102
203
311
892
1023
1023
769
448
170
79
134
263
456
1023
1023
1023
644
363
121
96
157
263
606
1023
1023
956
592
300
92
119
195
298
781
1023
1023
859
514
208
70
119
221
317
877
1023
1023
787
449
171
86
122
246
422
1020
1023
1023
721
365
120
84
148
263
526
1023
1023
951
646
325
97
109
178
305
690
1023
1023
883
527
246
80
122
207
319
807
1023
1023
785
480
213
82
144
252
390
994
1023
1023
699
394
141
71
156
259
508
1018
1023
1010
680
330
116
90
187
275
703
1023
1023
915
580
251
83
117
198
290
763
1023
1023
813
520
213
73
140
228
323
929
1023
1023
753
416
151
86
129
259
455
969
1023
1004
696
371
120
97
147
277
634
1023
1023
963
565
306
94
105
175
296
739
1023
1023
889
515
240
72
117
220
319
912
1023
1023
772
423
174
70
130
220
365
982
1023
1023
714
378
124
89
163
287
587
1023
1023
980
605
309
89
96
180
290
689
1023
1023
872
582
277
73
124
189
320
864
1023
1023
780
453
181
84
127
241
362
892
1023
1023
702
411
155
72
152
258
565
1023
1023
1008
611
322
109
100
188
273
675
1023
1023
960
594
248
80
104
210
307
841
1023
1023
847
489
187
78
122
235
297
908
1023
1023
744
440
156
85
160
280
478
1022
1023
1000
631
355
103
103
156
283
616
1022
1023
911
607
301
91
104
169
332
787
1023
1023
839
508
223
72
137
216
320
875
1023
1023
801
441
196
62
147
240
428
1022
1023
1023
736
343
112
100
147
249
533
1023
1023
949
629
310
94
114
199
299
715
1023
1023
882
521
234
73
111
218
321
846
1023
1023
815
495
206
77
123
254
372
984
1023
1023
686
381
149
67
123
256
512
990
1023
989
624
323
107
83
170
286
721
1023
1023
900
550
247
70
123
208
299
817
1023
1023
845
487
211
74
130
247
352
978
1023
1023
754
402
128
84
134
255
473
1002
1023
958
684
344
121
92
172
291
635
1023
1023
908
563
274
68
105
182
314
757
1023
1023
832
532
233
57
123
207
326
925
1023
1023
729
409
164
96
151
246
435
995
1023
1023
712
371
133
80
192
273
638
1023
1023
969
612
286
112
111
184
276
709
1023
1023
860
563
256
86
120
219
301
864
1023
1023
746
442
161
80
148
238
383
946
1023
1023
730
401
163
93
141
262
549
1023
1023
1019
582
314
96
85
184
292
665
1023
1023
927
542
276
95
102
186
321
823
1023
1023
828
427
201
81
129
256
300
938
1023
1023
739
397
153
93
162
266
494
1023
1023
1023
618
232
117
83
144
291
618
1023
1023
957
611
290
72
96
204
316
801
1023
1023
812
490
153
65
124
225
364
844
1023
1023
812
441
174
59
125
242
484
1010
1023
1023
646
319
111
98
170
253
648
1023
1023
936
589
294
96
114
195
306
790
1023
1023
873
506
226
76
118
214
301
874
1023
1023
799
466
190
73
136
231
393
994
1023
1023
669
371
126
93
144
266
541
1001
1023
929
632
332
92
122
189
298
724
1023
1023
864
539
257
71
131
208
317
813
1023
1023
838
477
232
73
135
216
369
981
1023
1023
750
376
150
78
144
255
481
1019
1023
966
672
327
111
94
175
280
661
1023
1023
916
565
255
79
100
202
308
774
1023
1023
851
539
223
56
120
235
326
960
1023
1023
710
406
165
65
138
244
438
975
1023
1023
667
364
117
88
165
275
639
1023
1023
950
558
271
84
89
174
280
763
1023
1023
851
524
241
71
124
226
321
940
1023
1023
780
433
144
71
129
243
401
979
1023
1020
729
389
123
80
153
281
585
1023
1023
952
601
303
87
105
179
296
679
1023
1023
848
538
258
80
124
212
335
893
1023
1023
749
442
185
78
145
227
370
948
1023
1023
727
388
156
85
160
255
571
1023
1023
1023
628
287
114
89
168
288
693
1023
1023
879
602
248
91
128
226
311
798
1023
1023
798
486
182
71
124
240
330
886
1023
1023
754
421
154
68
146
266
512
1023
1023
1005
643
343
99
106
137
287
630
1023
1023
946
590
309
90
110
181
318
800
1023
1023
853
490
225
71
125
214
300
892
1023
1023
766
427
182
72
144
247
429
1023
1023
1023
657
345
115
92
163
274
594
1023
1023
947
636
308
86
109
193
304
763
1023
1023
844
535
248
67
110
199
305
821
1023
1023
768
464
203
76
127
240
415
979
1023
1023
653
372
144
104
149
251
553
1011
1023
980
609
314
114
96
187
271
740
1023
1023
894
529
237
73
105
224
311
801
1023
1023
813
492
195
79
129
246
331
959
1023
1023
706
396
141
90
144
262
480
982
1023
958
657
344
106
90
178
305
688
1023
1023
888
552
264
82
116
190
315
788
1023
1023
844
507
224
68
140
232
343
938
1023
1023
757
395
165
78
150
256
423
969
1023
982
705
373
136
88
158
270
623
1023
1023
917
593
279
82
118
200
301
727
1023
1023
864
538
236
67
125
232
338
910
1023
1023
797
441
181
79
126
245
394
966
1023
1023
681
387
141
91
144
270
602
1023
1023
989
573
301
95
109
178
282
726
1023
1023
881
549
258
69
116
216
318
883
1023
1023
797
451
178
71
125
235
367
969
1023
1023
748
392
148
85
154
268
535
1023
1023
969
634
333
98
109
160
303
637
1023
1023
879
569
275
81
115
203
311
816
1023
1023
779
465
215
73
130
219
327
908
1023
1023
722
419
