88
120
143
271
436
1008
1023
1023
796
420
183
118
170
284
534
1023
1023
1023
758
367
146
123
202
320
686
1023
1023
948
627
278
119
123
223
343
796
1023
1023
891
564
265
82
139
284
381
975
1023
1023
809
456
181
98
155
292
462
1023
1023
1023
708
413
153
111
180
325
657
1023
1023
1023
605
331
113
137
216
326
782
1023
1023
906
559
283
95
146
255
355
1002
1023
1023
834
467
191
85
159
286
420
1023
1023
1023
786
433
155
102
185
314
612
1023
1023
1023
680
345
108
119
198
340
691
1023
1023
926
614
298
102
147
253
378
889
1023
1023
837
498
220
111
156
260
399
975
1023
1023
772
459
197
92
187
294
585
1023
1023
1023
678
362
143
105
205
315
693
1023
1023
992
673
321
116
120
242
349
860
1023
1023
879
542
230
114
135
253
357
911
1023
1023
824
509
192
98
168
308
512
1023
1023
1023
716
388
133
109
182
324
623
1023
1023
1013
661
357
120
132
210
369
790
1023
1023
968
546
288
102
122
236
345
905
1023
1023
869
496
228
101
156
275
393
1023
1023
1023
736
394
162
111
179
307
557
1023
1023
1023
711
366
108
114
212
347
755
1023
1023
972
609
294
84
135
241
351
826
1023
1023
846
546
239
97
139
264
405
992
1023
1023
759
431
180
120
159
279
542
1023
1023
1023
700
386
147
113
199
324
732
1023
1023
1010
612
302
109
122
242
353
837
1023
1023
934
565
260
99
151
277
370
1010
1023
1023
841
471
186
110
150
285
431
1012
1023
1023
730
427
145
120
179
325
634
1023
1023
996
615
333
116
129
202
355
777
1023
1023
924
603
287
97
143
250
401
955
1023
1023
848
480
226
75
157
266
410
1005
1023
1023
815
427
186
107
178
289
581
1023
1023
1023
674
329
132
135
208
330
675
1023
1023
942
629
298
99
142
261
372
868
1023
1023
878
530
235
80
132
258
361
974
1023
1023
803
474
193
103
154
310
536
1023
1023
1023
679
365
123
113
182
310
660
1023
1023
990
640
331
101
129
229
344
883
1023
1023
914
543
238
96
149
267
349
950
1023
1023
851
484
191
93
159
293
485
1023
1023
1023
752
413
144
114
179
315
586
1023
1023
982
680
356
113
125
206
361
762
1023
1023
917
567
270
99
149
243
377
876
1023
1023
838
505
234
114
165
278
457
1023
1023
1023
746
410
174
84
193
308
573
1023
1023
1023
739
364
143
115
201
323
755
1023
1023
970
626
287
115
147
251
334
810
1023
1023
854
565
241
104
129
282
406
988
1023
1023
802
451
166
100
145
316
523
1023
1023
1023
733
412
146
116
186
343
680
1023
1023
1023
616
318
101
127
217
349
798
1023
1023
952
539
272
83
127
249
342
981
1023
1023
840
466
204
94
163
289
435
1023
1023
1023
774
404
141
121
187
333
610
1023
1023
1023
665
322
101
104
197
348
768
1023
1023
923
629
286
85
130
237
377
905
1023
1023
819
498
207
82
152
264
386
951
1023
1023
757
489
185
105
181
288
613
1023
1023
1023
656
331
128
128
208
320
733
1023
1023
984
628
322
109
123
239
322
896
1023
1023
884
533
223
101
177
273
333
946
1023
1023
816
469
195
113
161
314
485
1023
1023
1023
641
380
119
127
234
339
674
1023
1023
957
658
342
143
129
218
373
808
1023
1023
903
491
258
90
155
277
372
929
1023
1023
889
482
222
102
160
290
478
1023
1023
1023
777
369
161
113
177
339
585
1023
1023
1023
705
356
110
124
220
347
756
1023
1023
953
586
267
91
127
258
378
864
1023
1023
860
540
241
86
144
285
414
1023
1023
1023
741
453
185
92
157
283
541
1022
1023
1023
694
381
132
111
198
327
756
1023
1023
976
594
279
105
135
236
332
859
1023
1023
894
542
236
93
144
271
383
1013
1023
1023
828
455
159
97
157
286
460
1023
1023
1023
743
396
133
113
183
328
647
1023
1023
983
622
326
94
147
211
354
787
1023
1023
883
578
274
94
146
261
396
984
1023
1023
796
469
205
106
174
283
454
1023
1023
1023
772
397
151
115
192
314
649
1023
1023
1023
687
337
124
122
213
323
716
1023
1023
916
622
285
105
142
255
360
876
1023
1023
832
500
200
95
153
288
392
966
1023
1023
799
457
183
98
157
337
602
1023
1023
1023
679
374
127
107
179
325
689
1023
1023
1014
615
313
109
128
221
365
873
1023
1023
908
501
229
98
140
265
331
973
1023
1023
819
473
197
99
171
303
492
1023
1023
1023
719
393
137
108
186
316
645
1023
1023
987
686
337
101
122
224
362
806
1023
1023
873
559
256
89
147
252
367
877
1023
1023
828
482
208
91
152
277
484
1023
1023
1023
717
395
159
119
187
288
595
1023
1023
1023
678
354
120
114
227
347
809
1023
1023
980
584
255
102
121
257
347
882
1023
1023
872
546
227
99
158
288
395
1008
1023
1023
766
444
157
118
163
310
549
1023
1023
996
711
385
106
125
183
343
744
1023
1023
953
596
306
120
150
222
349
836
1023
1023
930
541
265
89
158
258
372
988
1023
1023
844
426
186
91
168
272
446
1023
1023
1023
751
388
147
110
202
334
647
1023
1023
1003
630
291
103
141
225
344
785
1023
1023
920
585
269
92
131
266
365
939
1023
1023
821
491
200
86
140
277
433
980
1023
1023
746
417
147
105
167
308
633
1023
1023
1023
651
357
121
122
213
315
769
1023
1023
950
605
282
100
132
258
356
946
1023
1023
876
492
210
95
143
281
382
1010
1023
1023
815
462
174
105
159
301
556
1023
1023
1023
695
364
118
127
185
321
649
1023
1023
941
626
317
101
135
224
364
871
1023
1023
861
528
244
102
153
266
377
955
1023
1023
827
468
207
92
172
289
531
1023
1023
1023
730
369
149
110
193
290
625
1023
1023
978
664
319
129
140
227
339
803
1023
1023
895
584
251
98
153
281
377
887
1023
1023
866
502
213
104
149
303
472
1023
1023
1023
744
411
157
117
164
313
586
1023
1023
1023
654
364
112
120
209
357
787
1023
1023
968
569
286
92
134
238
359
896
1023
1023
884
509
233
98
160
278
389
1023
1023
1023
771
416
152
112
169
298
536
1023
1023
1023
746
382
126
108
186
339
728
1023
1023
965
640
322
105
121
221
351
794
1023
1023
874
558
253
94
144
255
389
954
1023
1023
763
446
188
88
158
287
513
1023
1023
1023
708
396
153
103
199
320
692
1023
1023
1023
626
312
120
112
217
315
767
1023
1023
922
603
268
115
133
266
363
941
1023
1023
807
482
192
105
149
289
420
973
1023
1023
753
439
156
104
161
323
630
1023
1023
1008
656
343
129
124
186
360
767
1023
1023
949
581
306
101
144
240
386
918
1023
1023
898
489
229
99
149
251
365
999
1023
1023
826
442
195
103
182
294
527
1023
1023
1023
696
349
120
133
204
323
667
1023
1023
971
660
316
88
139
252
369
882
1023
1023
881
555
250
81
134
261
353
949
1023
1023
806
486
201
88
151
282
503
1023
1023
1023
678
375
132
118
181
301
651
1023
1023
991
641
346
103
137
229
346
845
1023
1023
926
574
267
106
138
256
358
918
1023
1023
886
509
220
107
146
295
439
1023
1023
1023
743
416
158
106
172
308
561
1023
1023
998
687
375
121
123
205
353
746
1023
1023
916
564
292
86
129
227
344
870
1023
1023
845
531
246
94
158
263
429
1023
1023
1023
801
407
183
115
166
298
546
1023
1023
1023
756
371
147
106
206
312
686
1023
1023
954
621
261
119
127
238
383
789
1023
1023
921
542
244
85
129
281
383
983
1023
1023
823
458
146
98
154
298
503
1023
1023
1023
757
434
164
112
137
325
653
1023
1023
1023
619
353
96
124
207
349
838
1023
1023
919
615
281
100
148
249
375
974
1023
1023
834
468
203
102
159
292
414
1023
1023
1023
794
470
158
103
177
270
624
1023
1023
998
690
344
107
129
201
334
720
1023
1023
912
618
318
92
133
238
352
878
1023
1023
846
521
229
83
148
251
397
977
1023
1023
777
443
193
117
180
298
583
1023
1023
1023
673
356
149
125
211
318
695
1023
1023
990
662
321
109
126
247
352
870
1023
1023
876
538
237
111
137
242
327
906
1023
1023
807
485
192
94
157
308
519
1023
1023
1023
698
378
137
113
170
326
653
1023
1023
1005
665
357
110
144
214
367
802
1023
1023
955
554
278
90
134
250
364
911
1023
1023
869
481
218
92
143
284
418
1023
1023
1023
753
396
153
96
180
307
556
1023
1023
1023
697
358
107
117
221
353
763
1023
1023
964
584
280
84
140
243
346
851
1023
1023
848
534
242
87
143
284
405
1023
1023
1023
757
436
156
112
160
281
553
1023
1023
1023
700
383
137
110
190
310
732
1023
1023
987
598
303
98
129
238
346
844
1023
1023
934
564
252
93
138
278
387
997
1023
1023
849
476
190
113
161
294
443
1021
1023
1023
731
410
150
121
182
332
641
1023
1023
982
624
335
103
136
209
354
782
1023
1023
895
592
296
106
145
254
393
976
1023
1023
845
479
216
95
148
253
426
1011
1023
1023
802
407
167
106
177
291
602
1023
1023
1023
677
334
135
126
204
328
699
1023
1023
943
645
288
90
147
253
364
887
1023
1023
872
510
216
95
144
276
371
961
1023
1023
791
467
184
115
168
317
557
1023
1023
1023
665
372
134
120
183
323
681
1023
1023
988
625
319
100
127
225
340
885
1023
1023
888
524
230
83
149
269
370
967
1023
1023
841
470
195
91
176
325
510
1023
1023
1023
735
398
121
122
169
310
612
1023
1023
984
692
347
101
128
202
358
798
1023
1023
894
559
263
101
138
247
387
907
1023
1023
826
505
226
84
161
283
470
1023
1023
1023
738
422
161
91
186
307
610
1023
1023
1023
717
341
134
105
214
336
771
1023
1023
930
601
286
114
137
249
338
837
1023
1023
875
551
223
113
158
290
405
988
1023
