304
178
96
87
72
224
594
792
749
621
337
157
123
71
139
286
659
740
648
507
320
143
116
87
151
397
688
792
661
425
224
99
113
97
193
444
705
736
613
399
257
111
93
98
242
579
755
831
567
361
227
103
168
147
299
602
783
724
561
267
216
102
73
131
354
690
766
684
457
252
155
94
118
130
385
704
772
659
522
336
162
97
142
218
457
788
781
616
365
161
86
87
111
208
495
649
673
605
469
265
111
83
158
347
701
895
811
484
218
97
100
84
151
404
662
698
670
387
225
127
81
101
173
503
771
806
624
315
279
107
134
193
247
606
739
717
570
308
128
96
77
154
329
672
798
744
540
292
131
99
77
144
372
657
725
646
485
208
103
120
144
127
349
720
844
704
472
189
100
161
167
191
497
674
725
582
345
176
112
87
151
342
662
781
783
559
331
137
78
94
152
400
704
745
695
487
231
123
95
89
191
471
738
781
702
467
221
109
112
121
177
487
699
679
604
413
197
113
92
139
262
553
792
749
564
348
166
102
81
142
321
600
740
661
520
290
129
103
124
265
471
640
798
674
353
190
73
143
128
174
448
693
713
656
370
207
92
94
134
260
627
744
729
603
376
243
98
79
118
249
716
837
750
549
293
126
105
109
174
363
716
786
716
464
232
110
98
84
165
434
713
748
660
443
233
102
104
108
187
529
758
826
605
365
185
106
86
120
254
541
716
731
534
294
164
90
89
144
388
661
775
720
480
260
123
83
70
136
473
808
761
660
414
218
108
101
116
209
538
768
777
657
385
186
110
91
109
203
525
703
679
677
440
155
110
144
263
367
615
648
562
470
262
97
127
81
145
323
567
831
717
460
244
114
98
97
202
509
738
808
636
397
219
95
97
102
240
534
716
755
612
340
181
91
99
141
315
676
811
750
515
228
152
108
85
134
327
650
695
663
496
258
121
106
93
174
388
746
751
652
416
220
112
90
102
169
485
760
738
612
348
124
92
92
68
228
537
795
824
613
415
190
94
136
188
314
581
693
702
429
228
85
106
89
97
373
653
724
655
406
242
119
105
94
156
464
675
665
568
315
116
109
178
45
219
597
788
809
605
322
150
111
78
123
287
619
717
640
514
315
159
98
75
148
375
686
812
686
475
265
95
116
92
167
431
671
707
588
363
178
78
161
144
171
514
629
609
491
286
172
97
85
129
292
597
663
693
579
338
205
92
149
225
486
816
693
608
435
236
112
94
102
153
415
683
680
630
447
215
116
98
106
180
496
785
752
605
391
205
119
76
106
217
578
800
677
600
383
189
81
90
173
353
655
817
736
527
303
145
77
78
147
362
643
741
713
469
291
119
85
86
211
508
746
747
617
355
220
111
90
121
186
548
659
674
535
278
201
126
70
97
282
652
815
808
506
207
78
97
111
154
343
656
726
667
498
254
100
97
120
219
508
856
873
540
253
137
83
101
87
164
464
718
759
594
354
195
106
99
143
312
631
873
730
480
258
146
112
102
142
363
638
708
640
453
254
146
110
109
179
446
663
736
699
434
235
141
89
111
154
516
752
692
578
328
128
96
109
55
187
484
762
717
559
355
188
127
67
129
299
578
741
635
490
361
166
96
96
181
423
679
808
671
461
281
123
102
93
162
406
656
697
614
462
385
159
97
130
259
554
739
798
617
329
206
100
70
109
268
576
683
697
617
335
163
91
77
149
346
704
767
720
491
252
118
97
78
152
417
709
700
643
386
117
82
112
79
171
521
716
812
749
440
124
89
108
198
222
498
670
801
646
407
186
100
96
150
358
653
758
739
505
310
161
94
77
144
426
642
687
672
496
255
121
99
115
181
533
808
807
652
392
183
91
108
132
223
558
712
756
665
370
162
97
74
139
342
659
784
703
544
308
135
107
81
156
342
623
710
630
449
270
111
114
123
196
507
749
773
593
389
137
108
110
124
163
482
716
728
586
446
238
98
124
178
301
508
689
819
596
336
147
81
108
141
339
631
737
682
523
262
148
101
102
128
377
729
765
672
454
248
147
99
108
187
493
752
713
574
329
229
203
88
125
248
560
805
753
591
316
174
99
76
164
296
613
779
773
512
297
139
102
91
177
418
729
818
699
416
212
118
80
72
230
628
780
730
649
340
181
83
99
93
193
656
668
706
562
249
100
125
75
114
314
616
720
688
624
313
120
101
78
207
380
639
658
654
482
258
144
102
55
135
491
727
760
602
431
231
102
110
120
271
589
696
598
515
293
197
107
86
76
262
613
744
705
527
346
101
105
109
174
426
729
844
740
349
58
89
103
74
132
385
580
615
744
573
266
121
96
139
194
504
757
768
622
390
192
117
94
117
217
517
730
683
564
349
187
116
79
166
296
582
786
696
516
293
138
108
68
149
368
659
781
692
467
263
104
108
139
256
557
835
770
545
253
196
143
79
146
246
549
736
742
630
361
187
100
108
156
285
688
799
748
596
372
107
176
164
155
323
718
670
632
552
299
110
109
121
191
434
791
823
677
400
220
116
88
114
169
466
617
652
609
584
293
102
101
110
273
612
818
860
627
436
198
77
105
276
496
669
724
671
476
264
120
103
93
160
452
721
771
693
428
223
121
78
86
163
477
702
700
598
328
125
105
93
52
202
500
761
770
622
356
170
103
87
124
269
588
737
663
509
276
118
99
68
131
346
685
782
635
434
274
130
108
63
151
516
746
737
615
427
159
83
105
150
256
555
799
766
506
289
188
101
86
112
283
568
701
672
518
234
112
105
70
88
280
601
786
731
545
274
144
93
91
143
371
690
685
636
415
155
102
96
53
169
489
794
840
726
515
254
88
203
225
245
646
779
715
575
323
152
84
103
156
263
643
891
754
474
300
147
73
85
138
401
657
708
669
415
203
92
85
102
177
482
678
665
581
375
216
118
89
112
201
537
709
732
593
325
141
99
99
212
338
666
835
648
488
321
140
111
114
166
410
743
765
646
465
248
95
96
98
189
439
745
819
648
420
231
97
106
101
170
490
704
738
584
368
170
87
89
115
309
618
733
742
551
337
163
98
92
139
347
623
709
714
523
305
160
109
108
179
464
765
794
687
376
130
108
91
84
153
442
705
680
611
405
180
96
137
211
211
464
761
761
643
450
257
98
150
278
322
773
844
684
536
300
122
99
98
194
410
701
825
723
443
267
115
99
80
182
435
680
724
658
383
212
89
80
105
230
539
724
760
621
345
206
102
99
173
274
597
722
716
546
286
127
91
88
148
357
709
779
719
467
242
115
101
72
188
436
709
741
616
392
156
93
130
57
95
396
734
850
623
384
180
111
100
139
265
511
659
716
556
423
297
96
109
159
337
619
786
733
490
280
192
113
109
142
416
692
684
744
506
183
95
95
128
200
552
751
738
641
384
207
111
81
92
209
555
728
704
583
354
171
113
78
158
307
615
777
700
512
318
141
104
94
165
359
558
722
569
381
321
272
114
56
163
490
722
811
647
421
243
125
88
116
170
436
619
681
635
492
253
101
139
194
289
458
668
764
636
318
105
84
58
119
361
679
667
628
513
281
188
93
96
194
399
753
768
651
426
215
113
99
80
161
457
716
760
609
389
337
122
105
175
221
545
776
779
600
398
209
121
71
181
343
608
733
717
480
292
125
85
86
162
422
686
774
667
370
225
104
106
96
156
466
689
700
627
373
217
118
78
130
247
620
860
846
659
409
203
130
166
182
272
669
772
738
600
327
127
107
81
204
377
750
879
706
419
162
103
112
71
139
420
733
753
621
432
323
103
99
114
201
529
735
790
601
382
225
108
82
94
265
550
694
766
603
373
319
94
102
166
402
699
812
680
469
286
155
100
113
140
404
686
735
621
442
213
133
107
197
265
562
779
632
436
273
216
159
121
228
219
472
689
678
620
375
175
110
82
159
344
661
881
809
506
153
93
91
61
125
351
690
756
730
440
255
106
86
94
179
460
690
758
668
376
185
83
90
113
216
523
687
739
584
310
107
108
118
55
252
646
736
708
492
293
130
103
81
142
356
656
760
685
514
212
94
109
69
134
405
731
772
620
459
198
107
135
57
275
592
724
740
599
435
187
80
92
51
262
589
762
751
576
333
158
88
74
115
322
570
753
792
522
290
87
96
56
113
452
690
665
690
447
207
126
96
90
157
457
762
706
632
382
209
111
91
102
212
526
786
749
538
358
184
97
90
103
281
615
776
650
523
318
176
93
76
169
384
665
809
662
430
233
78
101
74
133
396
638
802
749
465
282
114
80
128
243
527
764
829
657
376
200
124
66
70
222
564
861
790
598
319
191
103
90
136
314
691
761
724
489
265
137
103
98
156
385
694
698
636
443
253
85
173
75
81
419
726
774
637
354
187
98
86
93
212
518
711
759
564
369
155
86
122
183
319
546
714
731
490
309
158
78
91
124
397
670
722
640
394
234
150
100
101
179
496
729
724
639
411
239
124
93
116
256
548
733
724
594
438
272
127
84
152
298
661
820
740
572
301
127
109
75
118
316
611
734
658
457
278
111
104
86
183
449
