1023
838
300
82
255
372
417
478
1023
1023
1023
640
182
115
313
363
450
685
1023
1023
996
574
183
157
293
391
451
960
1023
1023
885
462
71
204
359
416
479
1018
1023
1023
785
339
109
225
313
411
450
1023
1023
1023
636
202
90
287
423
432
683
1023
1023
1023
593
137
128
311
410
474
859
1023
1023
972
443
83
162
302
488
487
1023
1023
1023
870
410
82
205
328
427
448
1023
1023
1023
733
247
95
247
351
487
541
1023
1023
1023
638
195
118
284
359
454
829
1023
1023
983
507
107
167
323
368
480
974
1023
1023
862
409
81
198
330
390
492
1023
1023
1023
782
257
85
239
345
417
510
1023
1023
1023
706
197
96
273
361
417
706
1023
1023
1006
557
104
148
279
358
436
853
1023
1023
900
458
77
198
304
410
483
1023
1023
1023
810
309
59
243
315
416
465
1023
1023
1023
675
238
84
257
323
420
693
1023
1023
1023
554
128
139
306
367
430
861
1023
1023
894
433
89
180
299
389
455
1023
1023
1023
813
323
67
204
327
431
472
1023
1023
1023
761
265
93
225
321
439
620
1023
1023
1023
611
151
110
276
353
439
745
1023
1023
896
501
108
170
295
366
465
994
1023
1023
829
352
63
221
328
387
479
1023
1023
1023
735
277
89
227
338
386
577
1023
1023
1023
643
164
97
258
361
421
738
1023
1023
933
558
116
118
259
348
412
933
1023
802
917
512
90
162
283
349
426
988
1023
1023
758
333
78
224
292
401
495
1023
1023
1023
678
190
97
285
321
430
653
1023
1023
975
579
164
110
268
319
423
876
1023
1023
977
438
119
163
294
383
459
1006
1023
1023
786
321
67
189
279
391
451
1023
1023
1023
769
263
78
258
385
504
608
1023
1023
1023
688
225
103
246
358
454
837
1023
1023
979
516
95
167
289
378
462
934
1023
1023
768
370
64
185
284
379
496
1023
1023
1023
744
265
96
281
352
439
554
1023
1023
1023
641
204
86
223
317
398
805
1023
1023
1007
553
94
128
292
391
442
930
1023
1023
849
424
81
157
287
371
440
1023
1023
1023
782
336
61
219
331
425
445
1023
1023
1011
648
246
68
199
280
370
693
1023
1023
970
535
141
113
273
311
413
853
1023
1023
831
469
143
119
253
310
443
1023
1023
1023
826
338
72
158
289
365
431
1023
1023
1023
722
250
73
169
240
340
613
1023
1023
1023
576
144
94
234
305
385
758
1023
1023
850
493
131
105
219
294
382
953
1023
1023
787
371
63
161
220
309
368
1002
1023
1023
688
304
67
161
204
304
560
1023
1023
1023
560
172
76
223
264
337
725
1023
1023
873
478
144
87
208
267
319
928
1023
1023
783
345
67
158
251
321
363
990
1023
994
709
284
78
162
214
310
477
1023
1023
1023
638
200
86
200
257
339
613
1023
1023
837
530
166
85
188
248
344
815
1023
1023
798
398
85
155
244
288
374
932
1023
1023
701
318
72
171
248
312
464
1023
1023
726
718
255
75
172
256
322
595
1023
1023
928
591
136
93
195
299
364
823
1023
1023
875
491
90
155
273
341
414
953
1023
1023
765
371
82
167
282
384
452
1023
1023
1023
748
283
68
244
309
424
549
1023
1023
984
644
206
89
236
278
394
756
1023
1023
975
473
91
146
296
345
410
896
1023
1023
833
394
111
148
279
376
456
1023
1023
1023
824
303
58
217
352
463
504
1023
1023
1023
717
248
86
228
321
434
754
1023
1023
1023
606
126
150
288
385
475
878
1023
1023
843
479
114
158
257
352
450
1023
1023
1023
751
298
74
196
296
389
461
1023
1023
1023
664
235
77
209
294
381
705
1023
1023
978
540
129
102
263
344
405
832
1023
1023
866
496
123
121
225
318
394
1023
1023
1023
825
370
88
211
322
418
470
1023
1023
1023
694
278
72
193
291
389
597
1023
1023
1023
615
184
106
268
342
459
776
1023
1023
901
555
160
101
264
322
460
1012
1023
1023
903
356
66
199
346
401
491
1023
1023
1023
764
307
74
169
269
347
524
1023
1023
1023
678
175
105
305
354
440
657
1023
1023
1023
567
174
121
274
358
435
894
1023
1023
906
455
82
168
277
376
449
968
1023
1023
759
375
79
176
238
339
435
1023
1023
1023
648
250
76
220
303
380
645
1023
1023
1023
629
191
100
240
336
403
876
1023
1023
910
451
97
141
277
370
406
982
1023
1023
853
392
76
149
274
376
421
1023
1023
1023
749
239
83
194
274
383
513
1023
1023
1023
642
225
94
187
302
395
765
1023
1023
613
569
181
96
230
277
423
903
1023
1023
847
438
91
171
248
346
443
1023
1023
1023
716
285
80
171
279
341
564
1023
1023
1023
747
201
82
215
249
358
725
1023
1023
961
577
139
133
242
319
351
849
1023
1023
832
492
106
131
254
277
385
983
1023
1023
766
312
61
209
243
348
425
1023
1023
1023
699
271
63
225
273
403
684
1023
1023
1023
557
167
94
235
283
371
802
1023
1023
938
469
130
148
264
324
408
1023
1023
1023
796
325
79
184
270
367
396
1023
1023
1023
727
281
77
205
296
386
607
1023
1023
1023
643
196
88
217
970
223
627
1023
1023
878
524
104
149
271
345
415
956
1023
1023
798
378
68
168
278
348
423
1023
1023
1023
736
301
59
212
294
362
574
1023
1023
1023
494
248
78
204
278
332
699
1023
1023
973
564
142
116
238
338
400
934
1023
1023
923
448
88
147
272
358
390
1007
1023
1023
765
350
56
166
280
380
479
1023
1023
1023
659
227
72
228
290
399
663
1023
1023
943
563
162
113
266
299
411
869
1023
1023
880
417
111
139
272
325
427
988
1023
1023
875
353
77
192
306
383
447
1023
1023
1023
527
312
77
176
252
353
522
1023
1023
1023
642
179
102
261
362
456
825
1023
1023
1002
519
113
143
285
369
712
1023
1023
1023
834
393
58
231
324
420
115
1023
1023
1023
815
353
79
213
299
405
537
1023
1023
1023
708
231
98
254
361
445
788
1023
1023
1023
579
149
122
275
388
438
937
1023
1023
951
487
99
162
308
419
479
1023
1023
1023
596
412
76
177
276
400
440
1023
1023
1023
722
239
82
253
339
436
666
1023
1023
1023
557
156
119
269
332
417
816
1023
1023
872
447
118
166
287
360
451
1023
1023
1023
790
337
75
192
323
379
455
1023
1023
1023
746
239
75
209
330
386
645
1023
1023
1023
609
134
91
239
320
365
759
1023
1023
871
489
87
163
266
352
404
932
1023
1023
488
449
90
149
239
329
382
1020
1023
1023
748
287
71
221
256
366
565
1023
1023
1023
611
199
89
242
272
355
718
1023
1023
960
505
133
116
242
295
384
957
1023
1023
892
382
85
169
283
352
406
1023
1023
1023
758
290
59
195
297
384
511
1023
1023
1023
645
191
79
226
297
381
651
1023
1023
929
572
152
117
245
308
405
850
1023
1023
626
503
156
127
209
307
397
945
1023
1023
747
315
75
186
271
347
452
1023
1023
1023
657
216
68
215
307
355
628
1023
1023
1004
599
171
102
238
332
386
865
1023
1023
904
464
80
148
250
319
362
928
1023
1023
788
391
81
188
300
377
407
1023
1023
1023
677
252
89
209
289
383
545
1023
1023
992
642
178
119
249
302
400
801
1023
1023
922
432
199
99
242
288
389
891
1023
1023
843
369
78
170
284
343
424
1023
1023
1023
735
237
74
200
279
345
425
1023
1023
1023
647
197
87
234
297
384
684
1023
1023
929
510
101
136
257
316
381
839
1023
1023
860
454
88
172
276
365
408
1023
1023
1023
736
292
60
190
251
337
426
1023
1023
1023
635
230
93
215
273
347
665
1023
1023
972
443
195
78
207
270
325
797
1023
1023
846
452
81
150
256
323
384
1023
1023
1023
786
343
64
170
247
326
357
1023
1023
1023
705
259
74
185
255
354
562
1023
1023
982
572
172
103
209
262
354
743
1023
1023
836
499
136
136
237
275
363
934
1023
1023
746
347
71
150
247
281
363
1010
1023
1023
723
278
70
162
272
322
548
1023
1023
1023
624
159
86
211
264
312
656
1023
1023
874
537
140
116
226
289
355
843
1023
1023
785
394
93
154
252
308
375
945
1023
1023
732
293
62
189
240
347
451
1023
1023
1023
662
223
58
203
239
327
608
1023
1023
948
508
164
80
191
251
337
799
1023
1023
849
387
103
141
226
281
333
945
1023
1023
744
327
66
158
255
332
413
1023
1023
1023
664
222
67
153
237
333
549
1023
1023
929
619
188
88
185
247
326
778
1023
1023
872
482
108
119
232
293
378
846
1023
1023
773
368
82
147
231
293
409
1023
1023
1023
686
269
69
163
251
309
567
1023
1023
974
629
183
85
187
257
336
757
1023
1023
914
533
118
118
207
284
322
862
1023
1023
796
466
97
129
214
269
333
974
1023
1023
688
293
64
187
209
279
429
1023
1023
960
643
270
72
183
225
299
689
1023
1023
872
520
150
77
260
254
334
779
1023
1023
836
416
157
106
223
251
306
959
1023
1023
741
290
81
159
271
291
385
1023
1023
994
623
211
93
205
240
295
507
1023
1023
950
473
159
85
184
306
333
733
1023
1023
840
517
127
90
193
269
350
883
1023
1023
740
198
144
95
185
341
345
959
1023
1023
667
280
67
176
225
322
576
1023
1023
1023
574
175
70
211
242
307
739
1023
1023
857
512
140
105
203
267
324
905
1023
1023
811
363
91
126
207
288
344
983
1023
1023
730
314
66
151
212
310
465
1023
1023
1023
640
221
75
180
224
306
626
1023
1023
831
506
176
78
195
251
364
844
1023
1023
783
392
102
134
230
257
361
926
1023
1023
742
325
84
149
238
284
487
1023
1023
1023
639
210
77
171
221
263
560
1023
1023
885
582
158
84
187
249
306
754
1023
1023
822
442
98
122
219
270
343
862
1023
1023
746
362
78
146
217
299
385
1023
1023
1023
673
263
49
172
223
301
518
1023
1023
951
558
192
90
197
235
342
