307
137
116
172
328
656
1023
1023
1023
629
335
112
118
208
336
759
1023
1023
953
565
283
91
144
259
351
980
1023
1023
837
462
205
92
154
273
399
1023
1023
1023
769
423
144
105
180
310
593
1023
1023
1023
670
349
110
125
193
320
725
1023
1023
902
637
310
93
133
238
370
852
1023
1023
847
510
215
99
141
251
383
939
1023
1023
774
448
200
113
167
287
561
1023
1023
1023
663
369
142
113
199
315
685
1023
1023
1009
665
319
103
122
253
352
853
1023
1023
902
551
234
101
135
250
316
881
1023
1023
819
496
187
104
152
299
477
1023
1023
1023
709
397
143
125
173
318
614
1023
1023
981
678
354
125
130
209
347
774
1023
1023
924
573
291
109
140
236
356
879
1023
1023
890
484
225
94
161
258
410
1023
1023
1023
783
396
171
106
168
292
510
1023
1023
1023
704
372
123
124
206
343
713
1023
1023
961
612
286
98
131
238
354
818
1023
1023
874
557
255
103
124
283
378
985
1023
1023
760
459
188
92
147
278
490
1009
1023
1023
689
403
157
116
189
312
680
1023
1023
1008
626
308
95
131
205
342
810
1023
1023
926
574
261
97
141
266
372
967
1023
1023
870
497
203
109
148
274
411
1012
1023
1023
766
432
158
101
160
314
596
1023
1023
1006
640
345
115
127
199
345
734
1023
1023
918
608
308
103
133
212
382
920
1023
1023
829
493
227
81
147
244
374
976
1023
1023
817
431
190
89
172
291
570
1023
1023
1023
736
354
152
106
218
314
635
1023
1023
957
651
304
106
140
233
349
827
1023
1023
867
526
228
93
126
262
355
927
1023
1023
820
468
197
106
147
306
502
1023
1023
1023
711
401
141
106
169
310
614
1023
1023
1023
634
349
115
102
203
344
812
1023
1023
902
542
266
91
140
249
342
911
1023
1023
855
501
205
102
171
304
443
1023
1023
1023
756
396
142
111
163
294
573
1023
1023
1013
720
371
113
114
201
339
720
1023
1023
924
590
289
100
138
224
350
824
1023
1023
857
528
247
91
152
255
414
994
1023
1023
768
461
199
87
170
293
532
1023
1023
1023
714
381
153
113
207
325
713
1023
1023
994
633
301
112
121
223
322
804
1023
1023
895
581
261
109
147
261
347
946
1023
1023
793
475
173
109
142
268
440
971
1023
1022
762
428
146
119
180
328
645
1023
1023
1006
645
341
111
131
203
350
734
1023
1023
971
579
306
93
133
234
364
930
1023
1023
881
476
224
101
155
270
372
1006
1023
1023
765
407
155
108
189
307
542
1023
1023
1023
677
356
120
116
214
326
686
1023
1023
963
647
314
95
125
246
373
873
1023
1023
844
530
230
79
139
246
355
922
1023
1023
792
460
193
94
161
299
537
1023
1023
1023
678
376
141
120
184
306
668
1023
1023
985
639
326
114
120
203
351
849
1023
1023
928
542
252
106
135
262
346
916
1023
1023
850
510
204
107
144
291
430
1023
1023
1023
726
419
157
114
167
306
586
1023
1023
994
673
357
117
123
205
355
780
1023
1023
903
575
290
107
152
243
367
868
1023
1023
870
527
257
102
155
269
431
1023
1023
1023
808
412
183
95
157
264
512
1023
1023
1018
746
374
138
111
203
327
666
1023
1023
960
623
286
102
132
241
357
804
1023
1023
917
566
248
85
147
282
368
966
1023
1023
797
468
190
95
146
286
477
1004
1023
1023
692
418
139
112
173
319
655
1023
1023
1020
614
329
107
133
216
320
796
1023
1023
919
577
269
102
147
256
355
967
1023
1023
849
475
194
91
146
281
414
1023
1023
1023
799
447
155
109
186
317
593
1023
1023
1012
678
353
110
126
190
334
686
1023
1023
919
611
320
93
131
233
365
874
1023
1023
812
507
234
105
175
255
400
981
1023
1023
781
451
220
121
175
292
555
1023
1023
1023
675
361
144
112
215
303
670
1023
1023
970
663
321
136
116
236
341
815
1023
1023
878
517
226
100
142
284
363
899
1023
1023
842
489
188
96
159
307
497
1023
1023
1023
734
365
148
116
148
301
609
1023
1023
1023
659
367
119
100
201
360
785
1023
1023
968
552
240
101
128
239
396
894
1023
1023
914
497
228
92
110
273
381
1023
1023
1023
753
409
140
101
177
311
586
1023
1023
1021
717
370
110
128
191
341
734
1023
1023
948
606
289
83
134
225
350
821
1023
1023
855
549
246
95
135
213
382
957
1023
1023
751
432
186
112
166
272
506
1019
1023
1023
699
394
153
120
217
323
724
1023
1023
1005
614
309
107
132
221
328
812
1023
1023
925
586
266
104
139
266
354
963
1023
1023
826
490
190
104
153
284
420
990
1023
1023
749
428
147
109
172
328
632
1023
1023
1012
635
344
120
125
195
342
765
1023
1023
934
607
305
101
145
242
384
910
1023
1023
884
490
230
81
146
268
383
970
1023
1023
823
439
190
99
166
287
536
1023
1023
1023
694
342
135
100
184
328
648
1023
1023
967
645
310
90
142
247
354
855
1023
1023
897
536
236
89
131
260
345
941
1023
1023
798
483
194
101
136
291
505
1023
1023
1023
679
394
127
102
180
297
641
1023
1023
966
642
326
110
113
217
354
833
1023
1023
915
538
241
96
141
252
358
922
1023
1023
872
508
198
100
150
282
444
1023
1023
1023
758
414
154
119
164
303
555
1023
1023
986
679
374
107
127
223
360
749
1023
1023
924
575
287
100
142
224
363
859
1023
1023
844
548
253
85
159
275
435
1003
1023
1023
781
416
175
93
173
277
532
1023
1023
1023
763
380
153
116
189
310
694
1023
1023
989
651
306
115
130
230
343
775
1023
1023
895
572
250
96
149
277
372
948
1023
1023
824
471
197
92
152
286
462
1023
1023
1023
737
423
158
116
166
325
648
1023
1023
1023
607
348
119
119
187
339
754
1023
1023
957
573
278
92
136
242
352
953
1023
1023
837
477
199
94
165
283
395
1015
1023
1023
785
428
159
95
178
310
589
1023
1023
1023
701
363
123
129
206
335
676
1023
1023
925
632
298
88
131
228
376
853
1023
1023
843
513
233
85
158
255
381
941
1023
1023
783
457
200
97
172
287
561
1023
1023
1023
684
375
145
114
213
320
661
1023
1023
1017
667
311
111
123
238
350
848
1023
1023
912
562
243
113
131
259
338
910
1023
1023
818
501
204
103
150
287
464
1023
1023
1023
712
408
143
112
179
305
613
1023
1023
991
665
348
125
119
216
350
801
1023
1023
955
566
292
105
137
228
356
881
1023
1023
900
513
237
112
141
262
410
1023
1023
1023
766
399
165
108
173
301
508
1023
1023
1023
710
367
112
114
204
330
713
1023
1023
973
620
304
94
120
223
348
826
1023
1023
880
566
256
82
146
260
363
976
1023
1023
767
459
188
95
156
274
501
1008
1023
1023
703
393
151
113
188
322
688
1023
1023
996
616
309
114
124
231
340
783
1023
1023
934
580
258
101
139
270
372
957
1023
1023
863
466
185
101
151
282
405
1013
1023
1023
761
433
153
116
173
309
586
1023
1023
1016
636
346
100
130
194
324
735
1023
1023
928
606
295
106
148
251
384
928
1023
1023
845
497
233
91
162
262
399
977
1023
1023
839
441
192
119
163
292
565
1023
1023
1023
730
359
134
125
192
306
627
1023
1023
962
645
306
111
140
228
352
839
1023
1023
885
543
245
84
135
272
362
932
1023
1023
843
484
193
90
156
294
489
1023
1023
1023
708
400
144
117
169
302
621
1023
1023
1023
649
348
107
130
206
342
817
1023
1023
917
549
279
102
130
259
342
901
1023
1023
863
501
210
92
159
286
415
1023
1023
1023
801
421
145
109
159
303
580
1023
1023
1004
719
374
113
122
188
336
726
1023
1023
925
602
290
92
145
227
354
814
1023
1023
840
532
259
102
151
273
408
971
1023
1023
761
418
185
103
174
280
539
1023
1023
1023
723
384
151
102
208
326
722
1023
1023
997
633
293
112
131
237
327
787
1023
1023
891
579
244
108
135
271
355
925
1023
1023
798
456
179
105
144
304
463
993
1023
1023
756
427
155
115
168
327
661
1023
1023
1023
638
320
121
127
184
352
738
1023
1023
988
588
298
104
125
236
369
948
1023
1023
881
466
191
96
143
252
374
1011
1023
1023
817
433
173
107
167
318
558
1023
1023
1023
686
349
99
124
206
320
731
1023
1023
964
663
301
93
132
218
363
875
1023
1023
866
544
250
94
134
256
358
944
1023
1023
787
500
193
103
155
244
540
1023
1023
1023
675
372
142
155
192
311
679
1023
1023
1008
649
378
115
124
237
305
844
1023
1023
895
548
246
97
173
254
346
914
1023
1023
851
522
211
103
147
283
420
1023
1023
1023
696
416
151
119
177
317
590
1023
1023
976
670
367
127
129
204
362
786
1023
1023
898
581
290
95
147
237
368
869
1023
1023
904
508
222
97
168
281
428
1020
1023
1023
806
417
190
106
177
293
507
1023
1023
1023
733
382
147
128
195
329
673
1023
1023
966
620
281
95
127
239
347
805
1023
1023
914
565
257
95
139
271
375
1012
1023
1023
814
485
195
95
149
292
480
1018
1023
1023
704
410
146
109
164
299
664
1023
1023
1018
616
326
102
129
210
317
789
1023
1023
927
569
268
95
151
264
348
960
1023
1023
857
494
196
94
148
265
397
1003
1023
1023
801
435
155
106
161
314
594
1023
1023
1023
664
330
119
123
193
335
700
1023
1023
925
622
312
105
138
236
375
882
1023
1023
840
506
234
89
168
267
381
954
1023
1023
795
445
197
94
186
291
550
1023
1023
1023
712
355
144
113
197
303
681
1023
1023
972
678
321
121
138
225
344
814
1023
1023
873
556
233
107
122
261
365
899
1023
1023
849
494
184
85
135
298
515
1023
1023
1023
725
400
156
99
172
321
618
1023
1023
1023
656
358
109
117
198
342
776
1023
1023
958
557
279
110
134
240
345
899
1023
1023
855
504
233
105
172
292
393
1023
