389
455
451
540
381
225
183
189
110
194
387
468
480
549
349
217
211
162
118
285
381
468
523
502
304
177
192
157
223
330
385
432
506
458
239
188
153
137
171
393
468
448
549
339
298
169
191
161
231
368
452
470
497
321
253
196
210
167
323
369
489
527
583
265
266
193
164
150
354
358
466
550
448
262
262
213
176
135
334
439
530
574
384
220
231
165
127
131
339
427
452
538
260
225
169
152
160
270
352
464
601
519
273
172
243
153
167
361
361
440
500
447
203
189
190
180
237
369
454
427
633
376
216
167
246
124
143
387
421
457
571
324
196
204
215
102
296
393
477
525
535
261
194
181
215
144
303
402
354
527
547
284
231
171
125
156
356
404
429
527
431
240
196
182
121
190
391
419
377
551
349
221
175
171
125
237
384
467
502
551
287
192
191
181
131
347
449
468
484
580
277
220
193
146
139
370
422
474
544
528
217
216
180
150
122
372
409
466
504
410
212
217
140
108
189
367
435
525
527
323
192
185
148
157
295
380
493
566
566
322
231
176
211
157
328
392
493
552
468
252
169
163
141
157
337
417
405
513
378
248
173
176
115
134
366
464
450
564
291
208
175
157
107
229
396
492
492
522
299
209
200
133
124
306
384
502
544
508
253
195
174
122
135
337
456
465
539
462
239
196
200
145
151
371
404
469
526
346
222
189
189
147
202
364
447
487
519
290
226
206
199
156
300
420
410
500
492
217
131
188
146
127
359
366
494
562
484
257
196
210
142
135
389
455
486
537
372
202
267
181
134
159
407
451
463
537
356
170
207
199
151
269
403
415
507
484
282
228
192
163
180
341
409
421
535
457
288
136
185
166
144
368
409
470
615
398
285
195
181
152
178
369
441
424
547
309
229
219
153
116
282
373
463
506
588
252
185
186
123
165
311
389
516
516
529
296
255
157
111
109
340
394
486
554
405
231
181
148
149
160
378
422
447
529
336
222
196
176
128
222
378
427
519
615
312
202
198
154
141
275
394
466
502
495
278
183
179
165
138
334
399
419
541
451
232
174
145
142
135
353
502
458
561
345
221
242
152
107
202
432
478
492
576
290
185
185
145
157
300
397
435
515
517
295
189
208
168
142
353
391
417
485
433
197
165
204
147
164
342
415
436
553
389
219
169
174
105
161
336
450
471
606
311
218
168
168
106
265
344
451
494
583
309
210
133
139
134
369
410
495
502
536
231
174
176
147
143
383
397
432
514
452
256
191
158
120
155
360
439
463
511
366
205
187
160
151
215
364
411
501
501
315
221
223
189
121
311
374
459
564
574
283
192
165
157
140
291
411
429
549
459
297
202
177
111
152
375
453
441
580
313
222
201
133
154
183
432
437
442
492
300
231
169
126
159
274
402
471
522
510
249
182
159
158
143
317
390
461
528
531
251
229
219
160
134
323
409
454
596
409
230
193
204
116
141
334
442
438
532
312
217
209
182
143
276
359
449
508
564
268
184
167
165
166
331
410
451
481
500
227
201
157
136
153
378
433
430
517
431
166
155
169
153
180
385
421
445
521
361
206
202
228
148
252
393
419
497
520
313
183
193
154
128
325
355
408
538
489
268
183
185
131
132
299
418
438
567
461
275
170
170
98
171
355
435
408
527
377
233
201
159
151
221
363
465
484
591
279
213
209
165
192
315
366
450
515
516
247
193
224
171
204
315
346
481
572
472
231
185
173
170
133
352
457
511
566
425
288
218
159
121
178
389
467
476
580
336
196
177
200
102
281
377
411
477
505
277
193
166
160
144
304
447
433
524
515
240
175
159
189
150
383
426
423
530
474
221
151
158
119
137
397
459
488
509
317
203
185
201
111
253
401
458
497
534
309
194
234
164
150
303
365
440
569
540
272
189
203
134
125
325
405
416
519
467
281
169
205
116
178
339
392
387
566
300
229
145
151
163
210
397
445
407
521
309
256
149
157
178
315
403
487
530
539
244
241
179
158
168
369
361
449
534
545
231
179
182
138
172
351
419
480
576
424
216
246
173
129
169
401
465
468
580
289
217
175
162
149
230
394
466
560
596
278
184
198
136
163
317
397
427
481
469
256
173
169
161
188
365
442
421
555
376
245
157
199
157
155
375
473
468
569
355
232
202
188
121
275
383
497
535
545
288
191
178
227
113
307
443
461
550
547
295
179
186
114
141
312
418
446
562
563
233
184
182
162
137
393
411
351
514
376
223
193
185
123
159
370
449
483
552
403
203
175
165
181
326
363
423
462
513
262
179
231
160
151
352
477
500
569
535
351
198
165
161
231
394
426
466
452
433
214
213
218
125
179
383
486
415
510
277
221
175
154
110
340
353
425
505
490
313
181
192
193
155
346
409
556
529
482
223
172
160
140
149
357
413
434
545
432
235
159
193
132
202
365
467
514
548
316
233
176
167
134
233
353
453
478
540
295
197
173
162
111
318
410
466
526
527
243
190
179
107
165
349
399
467
541
492
241
197
183
109
155
346
456
505
553
349
208
182
202
130
176
420
444
479
570
345
247
176
197
122
320
407
447
512
521
277
177
197
141
137
324
400
439
565
502
227
226
251
136
145
354
478
477
558
379
208
190
170
90
188
399
474
468
586
321
203
208
165
120
269
400
481
562
578
290
176
202
127
191
365
364
431
476
467
258
182
224
160
147
371
413
425
538
402
246
178
180
135
173
418
446
427
553
327
244
182
165
148
289
357
431
495
504
271
189
189
135
137
337
386
451
471
554
270
242
169
132
166
361
399
490
525
456
229
200
183
131
164
404
423
458
521
376
225
195
194
143
173
361
463
557
538
284
202
150
126
111
300
389
427
525
498
276
178
178
174
163
341
380
399
521
526
276
174
166
135
144
340
453
456
566
375
255
242
186
144
131
379
484
461
566
302
210
182
144
152
278
431
511
538
561
305
250
197
204
114
318
366
474
572
487
249
204
179
145
146
348
409
407
501
441
249
221
214
144
172
343
440
456
555
302
198
182
186
131
267
354
437
512
546
275
208
204
141
163
296
434
479
549
518
257
193
159
118
177
397
406
459
509
502
209
205
177
115
209
388
448
470
535
358
226
198
145
169
203
385
404
447
503
321
176
193
157
117
295
357
406
551
449
222
127
189
135
144
272
405
455
590
483
270
163
150
119
156
339
441
427
558
337
246
163
170
151
181
352
460
416
562
298
217
161
141
146
293
405
510
517
530
259
199
148
117
151
342
385
453
563
473
236
204
202
139
152
342
409
487
573
412
243
198
194
152
175
338
396
420
532
350
219
211
164
147
245
345
447
498
528
293
184
157
171
162
287
423
487
559
502
303
243
174
139
137
353
445
470
580
435
228
165
161
125
187
438
482
443
527
338
205
194
181
147
270
426
475
531
557
299
205
213
205
163
297
388
414
477
512
301
212
207
145
162
341
398
432
565
443
235
166
178
125
132
316
429
429
551
361
258
192
179
114
163
417
455
427
559
283
215
174
156
139
303
395
466
473
539
291
222
171
174
189
353
352
451
550
533
209
181
191
152
147
349
415
453
517
377
247
189
228
150
173
365
463
497
562
314
203
163
166
139
205
379
456
505
553
312
206
185
152
120
314
404
439
498
524
254
172
139
133
175
351
425
415
490
447
224
217
179
159
205
393
470
435
524
333
215
155
168
148
213
404
478
493
498
285
239
229
158
135
319
397
480
573
526
260
205
191
159
158
306
438
432
541
460
239
249
192
137
140
346
441
426
522
365
245
197
185
141
180
398
441
423
554
319
205
147
199
145
324
417
479
519
513
255
192
180
160
172
344
370
479
515
500
242
175
177
124
153
368
441
471
561
431
224
220
180
158
136
398
418
451
501
342
219
183
156
111
242
371
444
525
546
301
175
187
144
154
277
386
427
510
512
275
202
136
125
174
331
360
431
524
389
219
174
163
160
158
376
465
382
545
295
242
182
171
136
284
405
484
462
548
278
195
162
197
136
277
355
448
523
484
296
210
210
148
131
309
419
514
578
494
216
207
168
146
122
332
492
422
580
376
234
198
149
134
164
387
430
476
503
346
199
180
174
131
288
375
431
446
489
278
187
207
184
147
346
425
458
583
511
276
166
199
139
144
419
448
455
590
435
253
193
223
135
161
378
497
510
577
327
256
203
151
115
253
422
425
507
508
295
211
202
167
155
322
398
490
513
502
264
298
186
137
174
409
416
387
544
426
270
168
164
139
181
368
440
516
569
335
300
279
171
132
221
375
453
487
466
247
219
218
156
244
322
387
506
590
548
229
201
301
158
141
308
351
491
502
510
211
221
149
127
226
329
411
464
698
343
189
193
224
125
186
396
332
457
554
309
196
155
184
177
298
421
443
524
563
283
173
165
165
135
333
412
377
499
460
242
168
173
133
194
330
455
435
534
358
195
176
144
139
135
385
505
447
565
324
232
183
177
124
228
396
474
557
602
278
205
167
122
133
292
379
442
521
521
258
221
181
119
170
332
416
429
507
424
250
198
190
156
195
400
438
425
559
339
239
183
175
143
212
374
465
516
555
289
195
188
