130
95
189
443
641
707
612
417
249
188
152
163
243
500
649
717
574
410
242
209
141
172
323
568
646
665
488
337
214
161
129
208
417
570
612
663
449
319
221
185
129
195
426
634
689
632
415
286
164
181
177
280
415
607
636
597
342
243
209
117
116
272
522
652
637
493
326
225
179
108
191
344
548
640
642
489
285
221
156
125
209
424
624
727
622
428
270
200
145
131
293
473
586
654
556
395
278
209
150
138
301
486
568
635
427
325
218
161
139
170
353
566
616
673
453
310
227
171
119
194
429
670
697
636
427
273
204
112
156
204
467
600
694
551
394
252
199
117
128
330
493
651
714
559
365
213
160
107
171
337
541
648
636
502
365
199
205
136
168
376
607
685
634
426
313
193
146
142
215
429
615
655
632
399
299
192
133
115
293
522
677
655
571
364
268
207
172
145
349
545
709
639
602
388
264
195
137
137
368
562
694
610
467
302
219
179
162
187
387
560
672
603
430
269
228
172
143
266
482
617
706
558
374
237
192
143
193
336
516
613
657
561
364
250
159
133
135
345
579
631
641
450
330
187
182
116
190
399
598
615
639
403
306
269
159
126
229
458
665
689
591
378
258
225
101
124
276
467
631
667
543
346
237
195
93
159
358
523
626
677
444
293
176
174
159
187
390
547
638
627
471
307
230
191
118
270
488
613
684
570
405
249
167
159
149
319
467
606
691
522
350
258
221
136
145
371
584
690
688
481
323
225
142
143
169
458
589
684
593
465
284
212
151
128
203
438
629
736
607
422
270
198
163
210
304
464
595
619
531
382
241
223
117
156
357
546
642
704
484
354
219
174
137
139
384
620
685
683
496
350
262
179
127
189
410
654
673
642
409
273
221
137
113
264
441
612
620
618
374
297
196
89
142
325
523
665
665
579
332
259
182
124
165
353
534
643
633
466
294
203
180
111
182
400
620
731
646
478
262
204
162
188
246
441
602
672
587
411
279
229
146
155
269
557
623
671
497
399
220
155
146
140
336
594
641
607
470
315
235
147
141
201
398
583
664
594
432
287
195
169
135
251
449
619
695
568
402
269
219
165
163
338
496
677
732
581
377
294
178
140
197
329
482
600
642
451
345
271
214
161
185
352
582
692
627
434
312
310
171
155
201
362
645
670
641
365
306
218
153
196
295
506
678
705
564
358
275
268
130
178
346
475
654
641
534
244
225
159
126
273
387
594
703
713
500
299
240
279
138
167
409
555
662
632
447
263
228
200
152
325
490
615
738
685
375
257
198
216
152
282
486
499
698
569
390
251
176
109
149
425
579
641
652
533
307
212
153
195
203
382
647
521
583
405
295
209
144
129
233
546
625
657
599
385
257
164
166
180
310
474
643
605
527
354
231
189
147
153
327
678
697
704
491
340
198
200
137
156
387
557
609
635
462
296
239
155
106
205
408
534
668
514
385
239
186
160
156
303
522
631
646
544
365
243
184
149
168
364
595
661
671
499
340
221
159
172
173
400
558
667
617
473
301
256
146
133
182
437
647
722
600
436
251
194
120
162
277
450
570
654
560
392
264
185
167
149
305
552
643
702
489
354
225
171
100
175
342
572
616
660
482
321
226
143
120
210
425
642
696
634
413
272
173
148
149
312
490
669
648
581
396
312
199
199
174
297
499
666
669
554
345
229
210
161
217
323
496
654
645
500
297
260
237
141
158
366
608
751
646
439
277
209
159
157
236
407
581
662
576
415
285
189
152
192
289
536
617
667
488
362
225
156
163
168
365
569
606
616
466
335
236
163
145
184
425
610
655
641
444
290
180
156
139
206
442
622
685
623
431
255
214
162
136
309
435
615
716
536
355
226
194
173
171
308
489
592
664
509
341
217
199
91
165
368
584
674
633
453
304
233
165
167
211
443
594
647
598
421
292
209
145
178
313
490
652
685
588
357
222
160
145
175
351
520
655
646
543
363
293
177
135
166
389
561
685
617
495
298
241
168
137
175
382
530
658
587
465
273
195
161
130
232
477
625
727
590
379
245
200
148
188
313
553
644
659
563
387
231
158
167
172
337
565
649
646
470
336
216
145
137
178
426
606
612
575
422
320
226
173
149
258
403
656
664
597
380
256
166
152
187
270
468
643
645
544
360
268
204
140
154
296
580
698
688
492
336
205
164
117
163
383
550
631
662
478
291
246
179
114
202
426
598
683
599
411
247
190
158
186
310
472
585
644
536
366
250
217
172
174
338
527
647
660
469
300
227
194
129
179
357
589
662
635
466
288
260
203
109
175
445
629
763
603
426
231
215
129
152
247
459
600
647
543
382
245
197
129
140
329
519
642
658
507
337
191
164
149
221
393
588
611
639
476
332
191
196
140
184
415
631
688
660
416
296
212
140
149
267
458
615
634
584
384
266
214
142
173
311
489
676
668
576
329
238
170
116
133
312
556
668
617
526
330
235
168
88
147
370
584
740
635
446
282
228
142
138
192
460
580
662
616
405
257
244
133
179
316
523
653
676
557
380
259
181
138
206
350
556
585
659
456
359
258
178
134
163
379
622
654
650
413
275
222
177
104
177
435
623
661
624
400
287
219
131
123
246
498
668
731
597
343
230
181
137
190
315
511
590
668
518
342
201
192
101
179
323
539
651
615
464
284
234
195
126
189
384
568
656
624
414
273
210
181
195
287
504
654
714
566
371
264
176
135
108
325
505
648
620
534
328
255
191
102
157
383
573
694
614
473
270
184
157
131
210
448
570
671
602
466
283
216
117
164
224
483
624
691
560
410
243
173
149
159
357
496
584
660
540
354
263
172
173
159
348
579
647
715
495
357
224
170
167
186
403
618
606
626
441
336
219
166
105
242
409
622
658
580
374
277
185
121
106
271
487
631
618
538
350
228
186
102
157
342
542
682
667
477
332
229
193
170
191
387
560
659
685
455
356
253
188
119
195
418
600
699
596
409
287
250
165
159
288
461
584
646
577
332
239
181
151
164
319
562
642
704
490
332
238
184
120
203
358
572
643
606
471
267
227
126
117
206
422
577
728
597
379
249
185
171
136
266
437
588
668
597
401
229
191
133
159
370
489
625
653
571
380
206
198
159
165
361
559
575
668
466
326
226
146
122
172
427
646
670
600
453
249
187
167
188
255
453
610
585
578
366
279
195
166
169
339
516
665
648
582
480
245
195
107
201
348
499
630
601
510
326
227
190
103
173
369
618
688
627
450
413
203
175
137
243
448
610
703
573
416
279
217
204
171
300
496
684
693
563
377
344
189
158
151
323
530
571
613
411
345
225
149
149
148
369
609
744
627
431
304
206
156
177
147
353
633
661
651
437
315
231
143
245
303
466
659
830
536
363
229
176
143
186
362
404
612
680
543
354
246
201
103
175
384
550
649
715
469
302
197
181
117
161
368
503
652
599
428
283
212
150
102
261
501
633
691
547
370
266
178
123
157
325
540
607
599
512
334
251
146
163
154
402
568
695
647
481
296
223
172
125
220
415
564
646
624
462
265
217
213
174
224
440
607
657
559
362
190
158
139
158
256
489
610
691
555
402
256
170
113
168
327
558
649
662
491
346
240
150
117
172
367
585
593
610
438
297
217
171
156
228
428
655
653
577
391
279
196
185
122
290
496
628
646
548
366
252
192
143
187
340
519
673
674
486
315
222
200
158
158
345
550
647
663
479
310
251
175
114
164
401
623
688
650
436
267
213
161
131
259
483
594
657
582
424
297
203
153
155
327
571
631
678
498
356
226
174
169
181
386
593
608
680
462
293
249
195
154
186
441
642
746
612
419
273
207
180
133
315
421
568
672
601
397
252
203
191
126
297
466
616
682
503
329
217
177
126
153
328
562
619
683
473
328
200
180
140
161
395
638
692
634
424
300
184
119
188
293
431
610
630
596
390
294
165
131
145
319
513
634
625
532
296
193
173
157
142
350
505
614
635
532
333
251
173
127
137
365
570
674
629
460
278
204
168
131
153
399
568
677
621
422
298
260
131
132
249
493
619
700
593
367
235
179
140
161
325
548
583
643
483
360
225
146
109
187
355
618
643
653
441
313
221
169
155
185
420
600
663
638
411
282
211
193
147
275
470
688
700
579
361
219
164
154
161
311
490
661
762
604
408
276
165
125
163
327
553
653
682
464
321
222
197
154
196
353
590
653
598
419
297
240
194
131
278
494
621
679
591
384
262
166
119
144
341
513
618
660
517
342
274
230
139
143
346
560
686
662
497
304
231
215
135
145
392
583
648
568
451
284
204
150
125
196
432
615
702
584
419
265
179
135
125
300
498
598
653
527
381
276
163
155
170
337
558
604
654
450
277
175
164
123
185
381
590
613
636
433
320
216
174
110
213
429
647
681
601
399
286
220
190
135
280
414
617
633
580
351
245
208
187
123
280
505
678
638
501
332
227
169
136
174
404
610
651
661
469
321
266
159
171
167
439
591
720
647
426
282
218
139
145
271
476
569
640
534
384
269
220
192
129
320
525
635
674
499
331
218
145
129
180
344
584
690
696
506
374
248
195
128
161
408
651
723
607
431
