352
245
212
157
108
256
534
651
695
553
336
211
180
126
136
350
547
635
600
483
305
215
170
108
154
418
628
723
616
415
266
205
176
114
269
407
594
696
631
410
257
209
161
149
330
483
609
670
553
351
258
181
121
168
354
509
609
678
510
321
232
165
137
141
449
604
658
721
454
261
225
153
105
138
446
592
633
651
509
306
208
154
101
286
406
654
645
580
396
214
164
112
110
339
408
577
588
582
464
283
171
113
156
416
578
767
693
419
262
163
143
139
189
400
589
634
633
397
292
232
186
88
291
423
588
656
606
335
330
154
105
151
326
506
576
626
549
328
218
198
125
127
366
590
642
719
495
311
217
156
131
165
399
594
619
614
420
273
172
173
137
229
406
622
787
687
448
195
165
154
168
247
404
602
653
590
340
258
189
151
152
354
518
659
692
492
333
204
187
138
148
420
553
602
665
453
250
191
141
104
195
476
673
722
713
418
236
185
137
117
302
484
630
666
621
416
251
199
106
142
344
524
691
686
590
366
236
182
180
193
373
492
555
643
463
305
204
177
95
213
464
536
672
606
395
241
176
136
131
248
438
575
653
634
366
293
199
150
122
334
658
604
650
591
495
292
161
134
156
359
647
662
585
541
311
238
177
128
150
395
702
648
640
461
371
192
148
116
175
446
592
624
545
417
261
214
182
158
269
474
685
652
612
362
336
161
122
127
301
493
615
694
451
343
244
193
103
170
374
561
766
664
429
293
283
168
114
147
386
648
655
594
353
269
193
175
144
283
517
652
770
593
368
203
148
104
139
312
484
621
655
629
397
192
151
121
196
395
512
560
628
498
288
193
148
114
142
335
516
705
635
408
278
208
172
119
255
432
627
724
625
380
276
169
140
167
316
541
614
709
544
353
244
168
154
165
383
553
649
694
451
272
240
168
115
186
404
557
587
612
479
296
220
135
111
232
415
628
660
594
437
257
196
142
106
301
414
622
620
592
367
221
219
181
145
291
504
712
728
594
403
202
172
149
162
334
544
617
665
417
279
214
124
107
130
387
580
619
648
408
289
197
143
129
269
462
549
582
559
332
223
191
236
182
329
513
580
675
516
298
219
163
149
174
323
534
591
698
485
359
241
169
120
140
393
605
707
684
462
313
209
142
108
171
413
590
656
581
368
213
170
167
124
270
426
545
631
518
296
208
176
131
180
376
505
554
638
508
355
239
131
120
192
492
682
542
585
398
267
204
138
137
152
440
592
624
642
413
275
209
146
122
312
478
649
652
610
392
254
192
151
139
291
514
704
650
581
408
256
188
104
169
363
544
666
645
462
335
203
176
126
188
422
572
660
673
408
269
195
150
118
306
471
619
665
616
378
268
208
143
154
300
499
549
585
561
369
305
183
142
116
333
549
670
706
463
236
183
169
146
131
334
580
587
642
457
294
218
160
115
190
495
739
704
577
302
247
214
139
85
256
447
606
691
523
344
235
158
126
152
336
494
645
649
440
312
200
149
172
151
407
529
592
601
440
274
191
148
100
156
426
540
665
631
417
286
229
157
115
246
440
603
633
640
348
198
200
151
168
282
531
663
638
584
342
200
155
108
124
354
539
621
597
468
372
235
163
97
155
398
602
684
656
460
312
190
154
116
265
401
521
602
574
475
362
223
177
141
327
490
610
700
573
345
269
217
160
142
388
525
635
679
548
344
249
185
122
129
394
611
621
639
482
256
219
167
132
154
404
609
611
615
388
180
224
167
101
314
439
644
723
645
351
209
163
134
159
340
482
603
686
591
433
297
198
141
146
357
572
675
721
463
349
235
179
130
143
392
534
599
657
449
291
217
181
120
246
498
626
718
604
391
235
158
133
144
318
497
583
702
621
355
234
177
120
130
326
535
644
690
500
293
198
166
93
156
408
536
628
610
446
293
172
173
105
245
442
614
713
603
382
172
197
139
140
304
426
597
610
560
395
245
144
142
116
332
440
598
707
551
327
178
168
120
119
389
566
618
683
450
280
204
139
96
161
435
624
687
638
413
264
234
141
104
252
474
616
595
542
362
315
241
133
172
333
506
688
672
536
363
214
185
96
202
410
590
692
684
486
325
235
162
113
182
416
633
699
680
422
286
223
164
134
250
482
602
641
656
344
214
212
141
122
294
554
558
616
552
313
261
179
135
154
363
546
587
641
546
369
239
179
97
181
393
567
609
643
406
285
193
184
139
214
420
622
688
582
411
279
188
176
165
313
493
591
625
553
340
261
209
122
121
321
461
602
658
507
297
198
141
124
151
366
555
671
582
307
202
212
152
119
186
427
535
594
698
458
248
190
149
113
285
477
657
689
647
380
261
208
131
174
325
473
600
605
549
365
241
201
127
175
377
531
669
667
467
279
172
163
138
146
371
563
637
648
428
294
210
150
112
277
534
680
677
563
341
264
205
158
153
343
499
638
629
603
347
238
137
113
141
374
599
647
674
577
383
195
170
133
185
383
606
564
583
522
294
208
168
133
200
383
684
673
637
405
304
161
153
150
318
417
552
599
604
490
289
191
169
143
300
540
768
784
569
440
268
190
103
223
379
586
591
687
416
351
227
157
104
156
427
581
736
660
411
278
241
149
143
274
432
576
604
553
249
185
204
147
177
313
517
627
743
572
360
233
247
149
135
341
475
633
651
505
239
228
170
125
190
336
576
660
706
405
299
217
280
115
217
410
491
672
585
383
198
194
136
139
344
505
656
646
570
345
241
163
107
141
352
492
495
638
503
260
149
173
127
165
405
574
679
663
439
259
229
129
166
210
403
600
564
602
395
227
184
166
119
271
433
658
712
633
488
218
168
157
163
299
473
628
619
549
329
242
187
94
156
343
594
726
698
458
327
225
154
107
173
428
608
636
648
395
302
194
186
126
259
452
553
628
628
364
269
181
130
150
320
476
561
620
519
317
210
167
150
196
326
567
651
602
448
371
199
157
99
206
408
619
644
646
494
340
237
169
109
183
454
671
749
621
421
250
192
149
118
273
451
589
663
552
365
225
190
124
163
342
526
626
667
516
335
213
138
125
141
408
534
618
636
467
324
209
149
97
152
412
616
656
611
359
244
210
178
167
236
454
599
631
621
402
248
215
112
160
283
494
630
665
565
399
307
235
138
214
398
576
635
626
495
315
199
164
91
198
421
604
679
624
385
255
179
125
112
277
421
566
658
643
394
253
159
142
136
326
474
627
701
615
371
280
197
156
134
325
507
572
645
569
298
221
184
143
134
348
610
634
632
460
278
222
129
106
172
425
640
626
617
384
204
155
146
124
248
426
670
721
596
357
261
174
178
170
329
472
593
668
537
438
308
180
129
138
364
537
676
684
444
299
226
177
132
143
421
572
660
682
450
262
205
146
105
256
471
604
684
601
372
240
185
122
115
290
503
629
637
587
333
211
178
141
125
344
558
668
664
499
331
218
174
118
166
392
516
579
581
418
389
273
189
124
205
414
592
696
618
391
258
198
148
178
292
435
521
640
643
425
276
173
120
168
323
431
594
732
579
309
197
177
133
131
399
546
550
622
487
315
237
208
117
183
404
629
646
572
392
235
221
120
117
260
452
645
632
559
402
319
201
158
142
343
475
663
693
568
373
267
171
113
184
374
522
626
667
459
323
203
199
101
183
416
611
682
667
350
291
185
151
127
222
442
583
652
618
357
291
208
128
110
308
534
669
726
557
421
223
151
124
162
351
552
686
683
553
315
192
191
118
163
399
657
719
653
422
250
184
173
136
182
400
608
713
602
496
344
213
143
123
295
447
624
698
564
345
246
192
129
133
314
458
574
616
532
416
315
177
98
149
430
602
659
667
431
308
219
127
143
151
422
571
619
633
413
249
206
140
111
259
494
613
505
487
340
260
225
139
203
306
430
589
590
559
403
237
168
118
151
386
531
721
686
417
265
171
173
138
137
383
571
670
664
436
300
194
166
107
243
444
583
683
609
353
230
130
145
157
289
494
580
611
593
338
240
171
135
112
332
532
590
667
523
334
224
158
145
169
371
571
595
618
450
245
191
168
113
147
403
640
715
628
367
269
190
161
127
312
501
594
701
579
413
241
220
140
172
291
509
650
746
491
350
232
198
123
155
330
495
634
661
453
279
191
139
129
158
422
613
664
624
400
264
188
138
98
301
467
637
682
650
374
233
195
146
130
329
507
678
671
577
361
232
181
133
131
306
536
618
640
490
307
231
175
129
157
356
560
661
649
441
285
192
143
98
188
378
509
723
653
459
316
208
147
113
330
491
644
740
580
366
249
172
131
122
358
548
690
689
563
373
286
144
132
166
368
610
635
661
504
318
238
153
127
163
365
586
587
580
418
250
181
152
145
278
403
656
635
528
313
223
204
134
114
367
469
620
664
550
385
225
167
147
152
327
509
654
729
452
342
236
175
95
179
383
582
618
628
363
272
229
144
159
253
471
578
719
600
374
262
184
139
154
301
499
615
627
547
429
295
204
147
154
354
565
677
744
517
334
200
221
132
119
347
549
645
635
451
252
209
169
118
193
425
