199
183
103
191
464
526
589
619
369
281
183
154
200
316
437
534
598
571
306
241
175
138
135
399
427
508
578
553
302
270
173
143
151
392
429
550
640
458
272
227
208
132
168
343
426
581
620
393
292
211
155
142
306
390
507
681
599
357
239
180
150
154
295
420
542
596
602
345
276
192
134
163
321
470
475
608
411
323
233
167
137
207
403
516
472
596
416
284
190
159
179
276
368
571
625
590
357
236
184
170
165
355
412
495
625
542
342
206
215
151
143
338
467
522
664
473
305
253
201
143
152
346
423
492
615
421
288
217
173
106
177
431
487
596
596
357
258
196
201
141
344
424
522
587
545
318
248
161
156
145
389
448
462
624
467
289
221
205
139
211
389
438
545
597
434
298
262
196
139
193
323
474
604
601
368
258
215
160
97
327
400
466
601
578
350
248
207
157
130
327
415
515
682
509
329
219
186
110
193
340
480
469
610
447
308
197
159
162
228
387
507
542
580
377
282
207
185
158
313
423
501
524
535
356
277
178
196
159
346
375
532
631
561
297
233
180
148
143
383
471
560
648
483
333
270
179
148
160
378
511
582
641
416
270
194
177
127
154
437
527
521
644
379
254
177
151
156
306
436
504
612
510
327
214
223
138
174
364
494
467
614
454
291
221
188
121
176
402
499
528
654
382
246
228
166
140
155
381
499
591
550
373
241
220
146
163
302
413
512
642
617
342
257
207
141
130
312
438
469
588
476
317
232
191
115
169
398
408
472
607
388
288
180
211
142
229
407
527
517
587
353
257
216
130
139
325
454
519
599
641
327
235
227
136
193
354
411
517
593
536
291
233
197
181
128
356
453
519
610
463
299
208
182
145
175
383
481
548
584
402
267
247
168
141
243
407
503
627
613
353
297
185
143
157
370
409
473
561
493
336
213
171
173
187
378
460
496
598
457
307
316
173
160
168
441
559
523
633
388
299
244
194
185
235
398
514
610
607
323
235
266
162
137
289
402
535
589
562
273
268
216
131
173
319
450
529
673
529
291
249
258
124
150
360
459
485
586
413
265
219
185
112
239
425
455
554
615
355
252
194
259
178
306
387
428
563
581
307
189
215
136
139
397
463
566
647
609
286
244
224
220
175
406
466
456
607
448
273
240
207
143
136
441
448
554
558
451
215
211
163
191
215
425
525
447
580
346
234
199
158
182
293
501
501
583
525
395
219
184
160
196
380
438
455
550
441
289
199
187
178
195
370
616
502
618
374
243
185
142
157
199
366
511
545
499
355
242
219
161
139
322
389
655
606
570
285
224
187
123
129
391
459
517
604
512
268
245
178
133
126
395
481
606
622
384
253
192
184
133
180
396
509
535
614
386
242
190
185
132
332
407
459
571
538
339
209
200
194
150
346
406
461
588
501
275
201
201
146
168
359
521
532
650
396
273
191
176
172
166
442
511
550
604
370
247
227
183
115
298
411
512
655
572
317
210
203
129
139
358
414
467
561
514
323
252
193
172
165
413
458
473
582
425
299
220
211
134
220
334
469
488
588
361
269
218
187
144
260
379
501
587
643
315
230
199
148
144
337
421
499
547
557
297
232
161
133
171
375
442
538
609
476
267
228
173
106
190
393
480
504
579
408
236
202
164
119
198
398
462
600
577
330
191
166
125
167
338
403
483
587
568
313
205
175
178
172
354
437
472
626
522
321
220
217
148
155
361
467
460
626
385
255
214
161
118
195
407
536
570
595
333
233
190
186
99
299
416
506
584
593
332
210
182
134
149
332
414
531
669
492
299
216
191
142
157
370
431
489
620
424
285
233
208
131
166
347
462
532
576
380
262
195
184
121
252
462
484
557
601
348
286
210
144
116
329
455
519
632
530
309
228
179
116
152
402
452
489
565
463
263
215
151
119
179
429
490
560
606
412
237
233
190
170
236
386
457
528
527
360
204
259
191
191
332
363
444
603
527
325
168
199
158
151
307
428
462
646
483
292
188
169
171
166
357
467
520
631
412
284
208
171
117
197
446
471
502
561
322
257
186
165
163
308
369
560
570
597
277
229
143
150
150
367
393
515
599
487
260
199
169
147
164
348
477
539
630
413
259
188
171
123
186
355
498
511
635
381
241
192
178
151
281
384
482
577
607
351
217
212
167
136
326
423
525
558
513
294
269
142
132
154
341
509
509
625
412
268
228
147
118
156
391
502
526
579
388
233
232
190
161
259
401
519
630
603
360
205
238
142
146
377
368
437
584
540
344
223
229
175
160
310
421
474
621
469
286
208
194
118
182
351
487
507
596
396
275
190
157
105
217
455
526
562
584
356
246
199
174
112
374
428
499
509
582
281
247
181
145
192
372
420
516
621
561
273
203
168
162
222
389
425
486
588
430
240
215
190
140
185
345
469
571
628
368
239
207
179
117
277
358
552
558
590
366
240
154
143
161
292
426
481
548
552
291
197
163
177
168
388
490
472
553
398
264
199
148
167
210
400
504
507
586
345
250
194
185
143
218
374
522
551
611
327
205
187
202
208
352
373
564
635
547
306
245
186
135
157
354
454
470
648
532
305
246
173
121
179
370
462
505
608
386
244
187
198
125
185
452
475
534
579
342
253
180
188
170
310
423
521
611
551
292
234
186
130
210
418
439
522
562
508
289
265
205
169
158
399
467
558
611
421
247
240
183
127
183
401
471
534
558
376
218
218
185
145
265
364
470
596
560
340
228
210
155
148
260
413
459
605
527
319
189
169
174
161
344
443
455
627
410
273
203
189
158
207
422
463
476
553
349
276
194
162
150
317
376
543
568
611
330
252
227
183
156
357
392
477
565
480
286
211
184
187
159
366
447
511
616
444
225
188
213
121
154
407
489
518
589
427
254
177
216
133
287
398
497
578
554
348
233
165
173
134
340
430
439
545
548
327
218
158
165
177
370
435
495
635
485
274
203
204
170
165
440
508
498
650
440
257
228
231
122
196
407
515
603
615
409
239
212
166
155
286
409
473
556
599
338
244
210
160
158
308
465
496
585
517
360
206
207
125
184
388
451
483
577
459
329
217
191
132
196
394
494
498
609
363
324
191
184
141
299
398
473
532
565
326
241
217
191
171
372
407
563
614
605
295
210
233
136
151
357
431
494
593
414
269
221
189
175
137
349
463
656
606
401
235
258
182
124
169
418
491
565
591
350
238
164
166
219
342
401
498
729
555
342
217
258
181
184
380
412
457
570
488
311
226
228
160
241
367
479
470
564
361
213
178
189
126
154
387
404
567
617
389
238
208
141
123
276
425
539
642
648
337
249
190
129
108
361
469
387
623
532
314
251
193
158
142
400
468
516
633
452
280
195
214
151
183
354
476
498
574
380
258
197
180
135
302
417
503
628
596
343
227
217
154
125
370
453
503
578
552
336
269
198
157
139
402
480
549
620
485
283
228
176
133
152
407
491
547
631
448
318
228
166
102
260
400
498
590
567
362
232
223
171
165
327
419
453
571
521
335
204
160
161
162
381
443
483
658
491
292
195
185
137
176
314
462
481
604
413
312
260
154
143
172
365
475
543
579
325
228
173
151
112
301
409
510
553
554
299
230
178
137
119
373
450
551
625
529
288
240
184
131
153
378
452
516
605
429
269
226
185
127
166
385
483
515
585
352
189
172
205
165
270
386
469
536
535
327
242
235
157
160
291
410
517
638
536
279
221
222
174
180
370
482
540
621
429
277
220
173
100
159
401
531
557
596
385
258
215
169
141
203
377
479
582
576
353
216
209
146
163
318
368
497
582
520
329
228
224
140
179
392
409
468
617
427
288
199
177
118
210
329
489
505
641
387
267
214
168
131
167
412
545
538
621
391
332
239
160
143
322
418
496
575
592
285
199
178
125
148
387
407
530
593
497
271
203
182
146
165
384
449
521
620
412
236
214
192
168
206
409
474
532
605
343
234
179
173
133
294
396
496
630
584
350
200
161
155
144
332
369
449
561
503
307
240
220
155
155
322
475
471
602
408
271
197
183
113
163
431
524
495
592
336
241
176
130
119
276
377
498
558
539
275
208
174
169
175
377
411
528
583
542
302
226
224
151
168
387
415
521
620
482
288
222
224
144
220
390
487
462
584
377
253
227
202
135
188
410
503
614
583
339
246
221
123
130
318
449
505
561
589
306
231
176
145
215
369
444
521
604
518
260
195
159
137
177
415
452
509
605
418
251
242
175
153
195
376
455
568
599
365
243
212
192
167
298
368
481
602
564
371
276
205
164
146
284
411
501
684
534
309
206
154
146
177
359
477
468
550
410
267
253
161
98
183
376
499
517
560
340
264
186
206
174
285
386
479
507
566
331
264
187
155
132
344
381
511
630
497
283
200
222
157
195
340
445
506
616
444
282
187
228
114
166
326
483
501
639
414
269
198
188
117
168
412
487
523
561
342
229
182
158
145
324
416
454
552
531
246
181
163
172
167
384
480
498
599
465
264
233
147
164
167
431
484
530
653
378
247
183
192
134
182
382
478
558
567
376
267
243
163
159
287
362
494
585
595
327
217
203
134
164
372
433
463
587
