208
211
165
146
368
557
703
726
651
343
257
166
209
208
373
560
627
679
558
375
269
194
122
181
537
598
735
673
614
287
224
164
200
245
429
602
647
603
431
269
207
135
182
267
573
662
719
580
455
249
201
149
174
350
546
599
583
500
352
228
173
126
181
365
736
672
674
429
343
215
170
140
217
486
636
642
621
409
303
203
204
167
296
464
812
701
591
347
247
199
117
178
329
522
663
714
558
358
217
211
136
142
360
586
675
671
448
268
187
151
148
182
473
582
681
606
442
277
196
166
171
316
457
616
715
577
400
270
196
170
166
346
476
632
721
544
352
235
178
153
145
365
623
685
734
480
322
251
176
144
198
443
644
725
698
486
306
261
165
130
242
477
632
773
652
422
230
206
148
107
283
505
619
683
557
397
230
183
145
165
361
589
674
681
496
362
218
179
171
195
423
618
676
717
507
377
252
187
141
212
452
655
725
646
434
297
241
151
129
305
482
645
619
624
388
274
235
147
149
364
527
676
673
560
341
237
157
123
161
342
572
660
626
490
338
208
167
89
117
364
596
747
633
434
276
211
153
179
286
438
599
683
596
403
298
232
170
179
346
529
644
708
528
376
256
209
129
162
353
572
612
673
491
328
238
187
148
179
396
640
653
634
393
221
184
143
149
240
484
664
695
655
411
274
208
123
184
319
519
677
765
584
369
219
208
124
152
332
516
630
693
522
366
233
186
151
173
393
604
688
662
429
322
231
170
164
197
463
636
707
650
433
295
184
144
127
298
489
688
728
592
393
283
188
136
135
371
527
664
641
560
369
248
199
115
165
398
580
709
686
502
323
238
168
146
187
417
608
736
648
524
339
242
193
151
260
449
621
719
600
425
244
178
177
161
387
471
632
714
553
392
242
229
119
173
342
602
648
704
503
357
253
208
144
170
402
600
618
696
435
307
196
166
140
219
405
676
687
655
375
277
211
162
123
316
511
650
662
559
372
237
183
154
161
362
556
716
719
504
333
211
208
137
180
456
564
658
689
494
327
211
182
144
204
428
573
670
581
393
243
178
132
122
277
432
638
698
590
391
266
192
151
124
341
585
691
696
549
368
262
160
125
185
401
601
668
644
492
314
209
126
115
211
454
646
773
662
460
274
208
129
167
239
467
597
694
601
451
287
220
143
169
309
526
659
711
551
374
246
190
123
165
376
573
629
702
510
338
228
149
96
178
405
634
683
682
449
333
242
153
141
256
432
679
714
692
461
324
218
147
130
328
489
671
718
617
368
271
179
123
184
336
507
649
666
537
329
249
159
128
173
361
580
729
682
474
300
218
179
161
191
421
604
714
656
443
292
233
173
127
260
437
632
693
562
406
269
210
116
176
320
496
608
649
509
348
279
167
130
167
374
625
680
687
480
308
215
163
167
219
463
624
698
652
416
283
218
222
135
301
497
649
714
600
347
212
197
140
155
326
503
623
711
601
375
252
233
123
170
379
545
653
677
474
339
225
177
109
164
407
603
658
642
469
322
227
179
136
242
439
680
702
603
425
293
174
141
157
322
496
658
663
591
365
264
174
139
183
373
590
703
705
532
361
263
218
153
204
383
572
642
642
512
320
215
176
135
162
417
619
751
638
445
282
213
165
156
259
418
639
766
636
464
307
223
127
159
312
545
650
692
556
376
253
175
137
163
358
593
612
642
462
334
246
141
167
189
428
657
688
684
444
303
214
137
135
271
471
646
675
593
377
256
217
156
126
275
496
709
765
568
357
232
267
128
135
347
554
647
718
532
334
263
192
106
187
398
584
692
719
472
315
237
193
109
247
407
577
682
612
413
276
250
203
153
372
506
603
689
566
344
220
155
237
163
383
559
629
676
529
332
247
229
170
197
418
631
746
706
530
322
236
170
173
174
413
595
694
685
452
309
251
142
131
258
502
640
717
591
469
243
205
135
205
328
504
611
669
590
385
255
211
110
208
381
620
677
690
478
424
209
153
140
215
415
626
657
614
438
321
230
176
147
313
442
727
732
674
390
379
200
176
143
302
489
702
702
628
399
290
208
181
125
343
538
764
708
513
332
371
167
122
161
363
622
680
680
358
305
179
147
202
222
472
632
829
624
434
264
212
131
149
294
411
628
681
538
332
263
228
127
133
346
573
629
777
492
332
217
194
125
149
394
510
658
655
463
350
243
173
106
201
438
678
766
673
427
271
208
171
114
270
498
523
716
639
409
239
216
130
171
357
475
584
695
520
333
229
191
157
175
387
584
616
654
500
348
236
202
167
192
419
628
704
641
436
309
207
166
144
254
442
659
676
639
412
325
185
146
116
336
515
705
687
594
369
251
199
131
153
359
553
665
654
559
329
251
162
120
172
370
608
723
670
476
300
217
134
134
208
427
590
703
649
436
257
209
181
189
310
486
646
727
606
388
257
188
172
207
347
520
675
690
568
424
302
214
137
173
380
606
649
659
448
335
209
185
132
156
423
634
676
629
423
300
199
143
138
256
524
700
708
606
396
259
191
174
119
363
545
631
713
588
357
213
211
121
158
354
574
697
692
512
330
198
232
174
178
390
567
659
667
453
291
204
152
138
255
442
642
725
626
383
276
211
150
127
311
476
643
729
585
382
291
176
127
167
392
557
689
644
494
303
219
132
122
151
431
598
701
665
461
303
243
159
131
206
469
641
743
623
464
262
213
160
200
352
451
617
684
586
403
261
188
153
202
323
570
655
726
504
355
213
142
129
160
365
582
640
659
507
352
269
163
128
193
425
652
696
657
431
296
212
120
119
265
454
645
654
623
371
262
184
118
170
321
513
685
685
553
365
247
144
125
173
382
624
690
708
501
352
227
174
134
231
421
628
751
670
476
310
182
206
111
240
439
593
666
609
416
275
214
127
152
302
488
632
707
572
365
224
200
140
138
349
591
625
674
508
339
292
193
110
163
431
630
700
685
460
297
209
163
155
227
502
622
729
651
411
248
207
145
127
312
514
660
763
623
394
255
207
142
176
337
497
600
684
539
352
234
182
164
167
365
560
671
680
435
294
214
147
161
189
409
625
660
630
452
303
176
156
124
322
504
675
663
623
380
278
184
132
123
361
511
668
650
602
363
266
191
135
194
376
563
699
684
526
316
205
158
154
181
401
599
678
662
480
313
206
194
128
250
415
645
778
665
426
272
202
169
146
269
467
626
659
601
369
267
190
118
156
353
574
654
681
461
360
228
175
134
199
406
682
641
700
451
346
220
156
143
225
475
661
703
637
393
271
176
149
151
295
509
648
720
614
369
285
248
158
133
309
548
674
759
563
359
224
222
145
209
345
542
625
686
493
347
248
176
149
180
387
630
720
611
412
292
191
192
158
315
468
624
682
593
394
290
203
139
175
373
556
671
698
550
345
237
186
174
226
413
569
703
672
508
342
261
240
118
155
421
597
708
655
476
276
209
169
107
267
408
569
707
640
429
263
227
148
148
308
486
674
758
561
388
253
217
163
142
319
554
628
687
505
379
233
170
142
175
406
642
699
618
432
286
220
139
163
256
487
628
661
677
402
300
220
145
128
314
509
658
704
603
381
265
200
147
137
313
529
676
694
505
347
235
199
139
180
342
614
719
727
484
327
218
157
149
179
411
638
691
687
449
311
252
132
127
275
462
639
699
582
407
271
202
167
155
334
521
612
663
524
356
247
208
147
165
417
609
676
702
479
316
220
163
159
183
420
610
718
649
474
310
258
159
121
237
497
652
767
666
441
267
210
130
170
270
491
624
673
593
386
242
196
118
168
327
590
684
684
490
385
227
205
160
237
387
597
635
664
465
325
205
166
145
215
429
644
709
646
399
333
154
172
193
315
478
631
654
615
383
312
152
147
176
334
521
689
698
553
342
284
201
94
171
333
545
677
642
474
327
222
162
142
156
397
646
772
658
392
249
289
148
189
254
364
607
695
595
362
288
223
141
209
316
534
643
726
545
386
219
196
191
179
392
560
611
677
489
252
219
205
155
210
431
674
696
697
425
286
197
239
137
227
513
614
712
619
435
239
233
135
137
306
518
690
743
695
379
216
183
189
180
371
525
543
694
526
349
225
198
123
170
465
607
674
631
605
319
213
198
214
191
447
613
608
638
449
326
209
173
155
324
640
676
756
568
418
281
169
124
200
360
534
665
544
536
326
255
151
141
190
423
709
707
632
483
300
221
163
121
193
410
573
700
638
482
280
238
172
150
245
415
697
712
557
410
239
193
135
179
330
473
606
712
539
370
277
177
141
179
351
596
682
728
500
343
265
160
145
202
368
613
625
694
428
308
238
173
103
267
475
673
678
651
351
215
192
150
152
269
525
661
672
560
373
235
179
109
141
373
587
723
714
535
327
190
179
127
183
396
567
651
630
483
305
219
208
156
217
451
625
717
618
427
292
213
181
176
338
489
615
698
565
383
263
205
126
192
333
582
674
748
490
328
239
205
161
162
366
620
665
657
471
327
228
163
129
188
476
637
784
671
429
270
198
147
178
278
458
614
732
621
457
306
236
140
170
351
516
651
