558
496
294
192
180
128
170
343
372
489
553
448
221
183
197
152
205
388
425
474
591
381
268
172
185
121
163
398
519
565
614
351
208
181
161
115
249
393
499
501
546
290
200
179
153
147
308
443
461
525
485
198
157
151
161
159
381
450
458
555
404
208
190
134
164
205
401
512
506
551
316
221
210
168
168
231
361
487
570
523
300
249
219
143
127
341
422
481
602
568
272
200
185
170
167
386
431
458
575
434
247
195
182
117
165
347
471
485
558
328
231
167
204
135
194
395
470
467
563
330
218
137
193
136
340
415
515
553
529
244
211
177
175
199
391
399
503
573
505
278
229
179
127
163
384
447
518
594
399
205
205
178
151
168
350
475
516
560
316
218
190
165
148
259
404
490
604
561
292
161
209
146
170
287
394
445
535
487
242
224
191
165
166
321
471
429
574
332
248
170
152
146
173
426
463
420
533
296
188
158
201
152
259
350
489
535
574
259
196
204
179
146
301
385
493
557
535
268
225
169
133
139
343
437
464
560
467
172
160
185
194
166
412
479
432
557
366
195
190
163
117
179
447
508
520
505
356
198
169
170
187
368
427
455
496
487
252
179
195
138
162
395
480
481
591
480
322
151
184
151
226
401
480
496
530
401
252
192
262
118
155
410
526
540
550
308
271
203
155
102
292
394
474
486
502
300
221
179
179
150
353
427
535
552
475
265
165
182
130
190
330
479
464
590
383
287
193
170
206
202
373
482
587
539
328
209
245
203
166
247
370
458
506
574
275
182
201
187
194
327
398
530
642
562
258
206
174
170
171
339
407
501
597
474
236
214
162
86
144
335
452
501
577
331
182
170
185
153
226
437
437
481
494
283
190
164
172
151
325
415
501
563
489
278
179
203
155
183
337
424
457
532
464
219
174
226
162
176
372
482
422
540
292
185
201
201
150
169
441
514
506
572
316
211
177
146
161
271
402
509
593
578
280
198
199
130
160
303
391
411
493
453
244
208
180
141
153
382
419
448
555
358
227
158
163
131
196
389
462
422
515
301
228
220
163
171
284
415
510
543
580
288
191
207
136
137
346
410
445
465
530
278
191
189
135
104
350
417
473
537
431
216
205
166
123
220
365
433
479
532
367
237
211
157
140
234
389
435
507
520
263
171
171
142
192
312
373
426
476
457
227
163
156
152
164
339
405
437
542
438
232
194
206
163
165
332
422
405
521
290
199
182
157
107
254
344
480
469
514
232
192
176
136
99
328
387
430
446
534
234
201
144
142
150
352
413
455
545
445
212
186
172
165
157
385
399
395
496
381
222
195
194
127
162
372
394
383
493
222
141
175
153
131
270
372
428
485
503
297
179
169
166
141
330
436
465
564
505
228
169
150
170
155
377
454
458
566
424
217
214
158
127
176
403
466
475
578
330
206
180
149
159
188
423
385
454
476
302
217
198
180
163
325
391
453
539
521
272
159
173
149
153
370
431
423
540
478
262
195
191
136
169
335
443
439
542
337
209
208
192
133
187
365
516
472
585
330
238
138
130
153
312
391
549
540
559
249
195
167
133
190
348
381
466
551
436
226
194
179
134
187
380
461
520
613
380
206
166
190
158
183
378
470
460
572
330
215
222
195
121
273
387
419
497
533
286
173
202
146
123
304
436
422
511
477
249
184
133
135
150
356
485
456
540
384
203
183
147
134
205
440
424
436
496
300
203
173
153
108
307
391
476
524
531
222
164
184
123
169
289
398
431
496
481
289
185
235
171
171
300
427
461
569
433
232
163
205
121
159
354
482
439
539
350
259
183
175
119
190
421
517
554
611
293
201
168
167
150
304
412
487
456
499
255
220
137
143
173
362
429
522
560
483
233
202
184
158
167
342
407
467
580
411
244
199
187
176
182
345
478
529
536
308
176
177
186
152
207
364
459
541
566
328
217
172
140
150
298
393
460
546
507
243
185
131
134
163
339
458
449
516
370
244
184
137
163
156
370
504
449
556
313
217
187
162
123
268
400
467
511
481
275
203
177
136
101
304
380
519
573
531
242
190
182
137
151
348
388
432
569
467
237
202
189
120
135
325
443
446
558
326
202
196
187
138
169
366
460
458
532
293
200
146
150
115
296
399
436
501
496
233
137
162
114
171
376
397
461
500
503
244
168
178
146
189
376
459
489
540
364
204
201
216
147
166
400
402
447
492
321
201
183
161
135
250
368
439
549
481
275
179
179
150
151
303
414
456
516
516
265
206
141
127
152
322
427
430
554
361
225
156
168
141
209
352
438
403
534
287
209
166
165
164
308
392
475
517
552
264
198
177
193
155
312
393
507
573
511
271
225
205
136
143
315
414
514
605
423
217
212
182
125
154
349
495
472
571
371
213
182
155
132
185
409
451
508
544
308
176
145
152
148
293
450
461
494
473
247
214
166
123
159
348
455
421
574
432
264
145
186
130
181
383
455
467
488
369
225
227
174
127
181
396
531
554
533
323
278
195
151
170
292
393
432
514
509
274
196
187
175
127
313
377
409
547
426
245
206
184
144
158
330
445
425
542
348
237
143
170
149
178
431
477
485
544
308
201
200
168
147
315
399
454
508
537
258
183
237
153
169
371
415
486
610
521
232
180
213
140
168
342
342
476
560
484
195
179
157
150
193
333
474
512
599
340
203
178
248
125
168
365
467
526
570
329
211
142
139
162
273
384
443
559
637
278
161
168
210
186
344
487
444
544
474
311
213
155
135
161
416
492
458
580
417
228
184
206
166
169
378
487
376
513
318
217
219
152
113
276
492
525
587
583
295
203
170
123
165
330
428
474
484
478
249
191
185
135
125
341
541
445
569
382
238
157
177
156
172
421
413
440
533
337
238
152
179
122
260
411
516
551
557
261
159
187
146
179
357
407
459
530
531
288
182
167
159
185
390
396
446
545
389
191
172
139
120
133
393
423
481
571
346
205
182
157
120
267
383
424
503
549
297
182
209
138
176
336
415
424
491
526
250
161
174
141
179
362
398
465
564
447
230
151
160
140
157
403
421
426
549
355
227
219
183
100
183
372
467
484
599
268
181
163
135
126
271
376
499
511
516
267
225
166
132
125
329
396
497
564
437
216
192
193
132
173
366
490
465
589
403
207
147
178
130
197
426
443
474
560
313
174
203
181
129
292
384
409
461
511
267
187
192
153
147
338
447
428
554
491
237
169
203
173
115
380
462
450
563
409
279
212
177
110
123
449
522
519
586
315
206
186
123
102
250
397
476
518
549
296
176
194
145
115
367
385
493
504
490
265
192
203
129
149
405
417
400
529
422
219
170
182
132
173
387
414
424
522
307
176
146
181
126
189
344
457
433
540
319
193
207
150
134
328
426
478
509
547
241
184
175
134
151
340
373
432
511
479
204
236
164
127
157
356
431
474
520
370
189
154
171
149
178
391
427
467
530
303
184
148
170
149
318
373
440
560
528
257
158
204
177
115
346
388
383
485
464
264
201
173
137
151
338
455
413
558
362
202
188
136
138
171
394
518
415
549
294
257
180
141
151
254
393
514
507
529
254
178
196
128
171
371
384
469
515
488
243
213
201
154
170
365
379
427
540
438
231
164
205
129
184
336
397
403
524
345
219
192
182
140
237
314
463
498
545
260
170
208
187
115
321
446
473
499
508
271
229
173
159
172
367
423
461
479
477
181
183
173
136
202
408
412
443
499
384
183
223
182
124
211
390
407
469
519
277
182
218
187
142
307
344
426
527
460
249
168
208
158
169
273
383
445
591
460
240
175
192
132
150
325
406
428
551
398
214
169
174
156
177
338
454
409
546
266
169
157
149
197
299
403
448
451
490
269
184
182
145
173
331
383
446
516
462
210
177
185
131
144
331
402
456
499
379
226
181
176
132
145
374
471
477
571
345
197
180
156
129
202
424
476
492
569
322
208
164
159
133
298
434
436
500
487
236
171
148
161
149
344
421
421
477
455
215
194
125
119
149
428
451
456
509
347
184
179
135
130
227
410
437
449
500
303
214
215
147
134
297
385
451
497
515
238
165
182
159
152
265
413
440
507
437
254
192
192
119
142
326
455
429
564
353
222
177
191
127
164
336
424
389
546
281
191
155
149
174
333
347
439
496
511
242
147
147
147
177
338
374
413
458
492
243
171
161
146
169
356
360
427
508
411
197
180
201
155
129
358
435
456
504
317
208
184
164
92
239
338
457
505
577
278
126
187
158
155
246
436
443
462
460
284
179
155
127
172
345
424
400
479
393
223
164
170
141
176
389
441
398
512
293
183
164
182
122
245
413
496
482
525
266
200
188
164
165
299
419
480
515
490
249
234
218
154
156
300
397
470
538
482
235
211
176
125
144
375
435
393
519
367
214
207
188
156
170
383
442
446
527
274
194
175
167
128
310
387
440
492
497
280
185
166
171
190
359
399
429
533
466
236
161
243
153
167
365
411
428
486
422
209
189
181
123
202
409
410
456
542
314
183
178
201
102
240
336
442
461
513
283
198
191
153
116
280
364
410
518
483
238
166
160
185
154
315
377
384
539
406
215
163
166
176
164
