548
474
298
207
166
121
138
225
398
462
527
508
333
213
188
128
111
271
432
471
501
400
241
186
117
135
166
302
482
477
491
345
219
174
128
133
198
359
490
577
488
322
209
145
142
143
255
369
480
541
443
301
242
169
155
119
238
387
477
547
353
251
159
143
106
117
275
417
478
502
347
248
181
122
111
183
344
488
550
479
317
221
174
105
106
231
383
479
488
455
286
205
185
143
125
263
415
483
516
394
209
180
94
136
151
281
441
515
490
384
269
208
130
114
130
293
468
556
472
319
226
150
138
104
200
346
440
522
458
304
238
178
107
106
255
397
530
577
422
276
192
131
117
117
302
423
470
519
411
266
226
151
114
148
302
485
487
481
363
239
160
124
122
190
330
488
499
464
327
247
191
137
141
202
355
497
534
438
290
195
152
104
142
244
403
513
543
434
335
232
170
118
134
270
452
509
561
343
238
163
139
107
171
345
430
497
512
312
237
162
143
107
215
399
524
538
457
295
207
146
123
138
259
421
474
490
413
265
211
152
116
110
267
462
515
534
375
258
154
174
105
116
318
453
538
461
342
227
180
143
100
178
329
484
556
447
296
206
171
126
137
219
380
484
501
413
305
203
147
121
116
297
458
480
495
312
214
134
91
138
159
326
454
493
513
345
221
208
156
113
207
355
513
524
497
336
218
165
114
154
209
354
483
501
440
289
218
157
158
125
239
389
530
533
389
259
177
155
77
158
291
466
539
514
381
259
221
133
97
230
354
484
542
497
314
224
149
118
102
210
374
460
508
474
304
215
158
134
113
237
428
502
505
424
266
194
148
105
153
282
446
502
525
454
294
209
165
114
118
297
490
521
524
345
232
176
152
114
174
343
488
550
481
319
224
198
157
115
236
395
494
558
399
282
194
157
119
126
297
426
482
508
379
270
196
130
105
113
303
452
521
466
318
216
142
120
136
180
379
471
509
504
313
243
165
135
139
251
403
519
530
493
292
186
139
153
120
229
393
493
506
420
268
210
180
130
121
279
442
445
461
282
235
107
136
133
175
330
459
540
455
331
222
168
115
120
240
394
524
544
444
278
214
129
125
138
257
403
480
512
438
275
212
136
106
144
283
448
528
512
396
250
171
135
124
142
290
496
467
480
352
230
196
142
101
162
313
483
606
481
316
198
160
137
141
210
396
528
515
434
274
216
145
120
120
283
440
506
548
360
262
164
151
141
153
307
453
520
553
391
278
219
167
117
192
372
457
543
477
300
214
149
110
133
252
386
487
513
452
287
233
216
112
101
251
433
534
537
427
274
204
141
89
137
279
459
528
469
364
233
198
159
128
148
284
457
559
432
325
225
164
114
140
256
359
465
519
471
300
218
147
128
158
245
416
528
535
397
259
191
151
109
119
279
424
472
550
382
253
191
157
100
140
329
465
494
462
317
200
113
130
98
147
351
481
501
437
306
241
170
126
128
211
376
523
524
414
300
178
132
122
133
313
426
475
470
378
261
181
167
151
157
327
456
522
493
371
237
164
145
116
189
323
477
516
519
322
254
157
135
96
215
420
484
513
474
278
190
141
122
164
244
395
458
505
425
279
196
152
99
133
280
494
548
503
366
274
177
107
140
149
337
520
575
507
371
255
190
171
138
207
358
506
547
462
308
256
161
132
126
283
361
501
524
387
280
197
141
144
130
282
430
549
501
355
237
215
129
114
109
327
458
493
494
308
261
210
144
134
160
366
481
629
506
292
194
278
113
141
216
353
484
480
433
219
203
142
123
197
274
438
504
562
379
285
174
220
115
135
326
345
496
478
346
177
148
190
117
263
318
435
519
431
286
185
145
147
125
258
376
367
542
461
291
178
191
124
85
383
432
533
537
577
250
194
148
185
123
278
457
380
472
400
243
200
156
124
153
382
452
529
481
343
200
162
99
136
246
372
488
525
459
325
204
185
133
112
244
453
512
561
438
292
199
162
115
113
265
417
501
549
375
248
197
138
92
126
324
456
519
497
333
215
141
125
121
187
345
497
566
508
339
238
212
143
122
227
424
517
553
419
273
173
130
108
134
269
408
503
466
408
263
181
135
123
114
281
491
575
493
357
249
179
143
95
205
291
445
512
465
303
216
175
144
103
198
372
465
531
445
276
212
131
132
126
253
422
500
534
411
258
200
155
111
130
329
485
494
523
349
237
169
118
111
212
352
482
496
452
373
221
171
103
133
235
340
444
464
432
283
176
116
135
159
283
349
506
497
433
283
209
180
109
113
284
426
517
545
384
257
165
151
109
119
301
455
512
523
323
236
191
132
95
200
353
490
531
503
289
193
144
85
158
243
436
491
504
455
288
192
147
143
138
285
460
535
517
368
242
157
149
135
155
288
453
519
484
354
247
184
154
127
190
358
484
551
489
339
212
152
126
118
196
355
510
582
459
319
238
165
114
129
252
390
512
538
382
267
182
147
111
148
326
457
473
516
366
227
207
139
144
201
367
502
551
488
313
213
157
103
126
217
365
490
500
481
319
245
160
124
139
258
412
500
537
403
271
166
127
105
131
262
413
497
509
368
255
201
171
85
119
314
461
543
463
332
239
156
138
132
217
360
496
534
482
279
211
161
147
132
231
356
440
498
419
270
206
111
147
150
287
442
481
492
411
251
208
119
136
143
288
496
478
502
358
214
156
151
121
189
301
470
522
496
330
251
191
160
106
209
396
515
540
463
281
167
144
89
144
235
453
511
510
385
288
197
175
104
124
294
438
518
536
341
245
159
157
118
189
316
470
510
477
311
213
159
122
111
240
394
521
557
446
287
192
144
112
143
265
449
576
546
463
310
225
189
120
119
272
453
522
526
373
260
147
123
109
116
307
448
515
482
329
228
219
123
90
222
346
500
560
465
315
216
144
130
116
254
401
467
501
409
296
227
168
144
118
275
438
547
558
376
238
189
165
119
129
323
472
504
497
360
260
234
138
97
192
343
499
506
457
322
203
147
127
95
177
336
491
500
457
294
199
215
131
136
226
353
475
495
360
252
167
134
99
165
302
482
512
499
341
241
189
175
125
189
334
485
570
495
335
230
153
136
135
194
380
441
508
464
280
206
169
148
127
206
436
536
517
422
229
139
113
115
119
259
464
496
555
390
253
159
179
129
131
332
508
571
513
341
222
164
126
135
183
377
469
547
446
301
208
170
120
129
239
380
501
549
427
289
198
134
114
119
316
454
556
517
388
267
208
159
116
107
312
498
499
517
341
238
173
127
129
166
343
494
531
514
342
207
209
146
112
182
399
507
525
462
291
191
147
109
146
291
390
489
466
396
322
227
176
107
149
303
438
528
501
347
245
152
131
113
224
323
457
534
486
323
247
158
179
121
241
371
525
535
477
297
213
142
134
111
259
388
471
517
455
262
211
187
135
121
255
437
451
471
380
215
167
127
140
182
300
502
485
491
350
227
188
141
99
214
365
498
541
476
309
209
137
103
120
249
369
480
535
397
299
198
167
135
140
275
436
509
550
333
221
150
115
110
133
304
437
481
479
312
235
215
145
123
186
350
525
567
485
308
203
217
115
133
208
399
502
525
487
282
214
170
118
142
294
455
510
556
401
262
166
182
105
142
311
476
564
487
382
241
218
133
118
200
321
493
545
514
332
208
156
192
115
189
370
437
494
442
271
211
166
140
106
270
430
540
559
457
269
191
142
133
130
301
441
447
527
412
283
221
146
129
144
420
491
500
462
403
216
156
120
169
220
335
493
420
448
315
217
195
120
119
273
441
489
511
430
349
168
141
94
157
289
395
500
499
393
288
200
138
123
105
267
483
520
511
325
390
161
137
100
262
329
478
513
420
300
216
171
144
96
218
395
587
527
435
276
333
131
114
143
281
443
507
517
341
267
203
139
220
133
305
483
628
517
324
192
131
106
147
205
308
466
558
471
289
226
181
147
138
219
364
486
572
452
262
187
149
134
113
239
371
475
504
415
267
225
170
108
127
289
469
508
514
369
264
161
147
132
116
358
542
503
523
344
231
184
152
134
243
375
514
536
488
308
212
138
112
161
265
394
501
505
433
292
215
173
122
143
245
416
505
509
353
260
181
130
97
153
285
422
504
499
387
301
202
172
120
217
361
476
541
496
297
215
139
112
141
224
376
483
513
476
266
208
156
108
152
261
440
499
511
424
263
183
130
142
149
276
495
483
481
370
243
171
149
92
153
269
482
574
474
330
190
146
131
119
168
353
502
540
456
310
222
207
134
114
227
421
492
582
363
271
176
142
109
128
259
407
471
507
360
246
182
152
110
129
335
486
544
444
276
154
129
97
120
219
378
491
512
458
289
200
166
126
109
237
416
504
543
450
284
195
159
107
106
266
426
521
519
380
270
194
148
112
131
301
476
531
508
339
231
166
136
106
209
386
507
533
458
330
224
186
141
107
270
397
527
566
412
289
199
126
118
124
267
397
461
497
394
273
214
135
119
124
299
472
506
525
376
237
188
133
129
183
341
477
488
501
389
265
196
146
106
185
325
487
514
456
289
197
166
121
123
