1016
1023
1023
912
533
145
98
217
296
370
898
1023
1023
836
453
88
136
236
321
380
1023
1023
1023
760
295
64
161
238
361
548
1023
1023
1023
682
260
65
203
253
365
763
1023
1023
1008
557
180
88
220
275
379
868
1023
1023
911
434
134
127
229
302
382
1023
1023
1023
769
321
93
167
735
207
345
1023
1023
1023
679
248
77
180
274
366
695
1023
1023
1022
597
183
91
208
278
369
828
1023
1023
871
520
141
117
218
285
389
975
1023
1023
763
356
89
153
228
320
436
1023
1023
1023
701
292
74
190
255
328
679
1023
1023
1023
602
205
85
195
271
358
805
1023
1023
956
534
155
103
200
304
385
1016
1023
1023
837
412
91
137
242
561
293
957
1023
1023
721
328
70
168
272
352
561
1023
1023
1023
612
231
95
203
252
361
738
1023
1023
908
579
183
118
224
283
397
930
1023
1023
865
433
121
127
248
300
403
1023
1023
1023
834
350
97
145
254
323
503
1023
1023
1023
729
232
69
199
261
339
633
1023
1023
964
582
191
84
236
288
378
837
1023
1023
901
460
115
131
225
624
286
893
1023
1023
791
390
72
169
232
327
452
1023
1023
1023
697
289
69
153
214
325
612
1023
1023
1023
598
210
84
217
252
349
854
1023
1023
930
481
144
110
215
300
370
973
1023
1023
843
406
98
132
243
341
412
1023
1023
1023
762
300
60
170
255
350
524
1023
1023
983
655
250
91
187
259
359
732
1023
1023
962
521
154
104
210
730
269
1023
1023
1023
783
385
97
171
244
422
644
1023
1023
1023
794
374
118
141
648
633
746
939
1023
964
633
169
79
210
447
595
932
1023
1023
1023
642
202
693
682
100
131
634
1023
1023
808
461
447
209
145
526
539
882
1023
1023
858
407
112
604
149
753
278
933
1023
1023
695
272
237
455
422
495
771
1023
1023
1023
456
138
204
103
689
174
646
1023
1023
904
452
136
113
210
285
395
995
1023
1023
826
366
93
145
246
322
363
1023
1023
1023
764
312
62
184
256
353
568
1023
1023
1023
619
225
59
174
246
342
746
1023
1023
929
588
187
105
201
288
378
916
1023
1023
821
434
102
142
226
311
392
994
1023
1023
761
336
83
154
223
320
554
1023
1023
1023
638
235
59
185
691
318
607
1023
1023
936
539
148
98
214
300
363
922
1023
1023
920
460
116
132
233
320
363
990
1023
1023
796
389
93
158
237
328
435
1023
1023
1023
679
284
86
182
244
355
639
1023
1023
954
630
218
89
235
249
387
863
1023
1023
912
504
151
104
225
291
406
950
1023
1023
866
409
114
136
238
310
425
1023
1023
1023
764
294
74
178
254
627
419
1023
1023
976
620
192
71
222
288
364
761
1023
1023
970
510
157
106
218
289
378
911
1023
1023
850
466
125
148
208
317
381
1023
1023
1023
740
333
80
161
233
320
503
1023
1023
1023
683
267
73
177
241
332
749
1023
1023
992
534
182
83
206
287
345
894
1023
1023
880
450
136
131
246
317
384
1023
1023
1023
808
348
91
154
239
716
313
1023
1023
1023
696
272
75
173
251
356
655
1023
1023
1009
581
206
79
196
284
368
781
1023
1023
864
500
155
137
218
275
400
984
1023
1023
778
370
95
140
257
325
422
1023
1023
1023
766
315
80
154
260
334
623
1023
1023
1023
662
175
94
188
269
352
744
1023
1023
931
568
147
116
219
302
372
908
1023
1023
832
418
83
135
232
843
294
925
1023
1023
780
339
59
168
226
354
549
1023
1023
1023
651
238
82
193
243
355
722
1023
1023
1002
641
200
93
211
230
379
899
1023
1023
907
420
126
171
226
301
370
1023
1023
1023
786
411
78
150
251
293
440
1023
1023
1023
710
256
66
231
250
354
640
1023
1023
996
643
277
88
196
250
302
852
1023
1023
869
506
161
105
198
278
387
905
1023
1023
792
399
104
137
229
292
413
1023
1023
1023
708
287
72
179
264
330
611
1023
1023
1023
647
234
78
200
275
355
825
1023
1023
989
515
156
102
205
317
358
909
1023
1023
841
452
103
135
224
323
353
1023
1023
1023
735
337
84
159
238
347
519
1023
1023
1023
677
271
59
181
250
361
753
1023
1023
951
545
164
84
230
274
370
847
1023
1023
904
435
130
122
230
293
398
1023
1023
1023
843
324
101
162
248
318
421
1023
1023
1023
715
263
65
178
250
351
649
1023
1023
1022
591
186
90
191
291
375
806
1023
1023
909
521
143
109
227
309
388
1005
1023
1023
822
391
85
152
217
322
400
1023
1023
1023
710
318
66
182
229
344
623
1023
1023
1023
621
204
82
209
271
591
692
1023
1023
886
480
144
95
227
289
372
997
1023
1023
855
407
110
118
223
328
380
1023
1023
1023
781
340
64
153
238
345
530
1023
1023
1023
653
247
63
182
259
353
676
1023
1023
926
556
194
92
190
276
396
903
1023
1023
841
420
119
124
237
287
379
998
1023
1023
792
367
98
140
253
315
508
1023
1023
1023
698
271
82
190
266
317
638
1023
1023
962
618
194
83
197
273
343
815
1023
1023
893
480
122
121
224
304
382
942
1023
1023
804
390
79
160
248
338
434
1023
1023
1023
715
286
65
181
227
344
582
1023
1023
1023
613
243
81
202
245
351
795
1023
1023
983
485
153
109
224
289
358
921
1023
1023
840
419
109
140
220
320
379
1023
1023
1023
754
308
74
163
238
344
521
1023
1023
1023
697
253
62
191
263
359
739
1023
1023
960
575
168
83
207
282
382
831
1023
1023
838
461
140
127
217
306
409
1023
1023
1023
764
346
100
161
240
311
470
1023
1023
1023
687
270
67
176
266
328
692
1023
1023
1023
573
178
88
190
290
341
833
1023
1023
884
510
131
112
203
297
368
980
1023
1023
791
386
79
150
237
319
381
1014
1023
1023
720
309
71
169
251
351
651
1023
1023
1021
620
227
90
208
252
362
799
1023
1023
936
515
179
94
223
265
382
962
1023
1023
885
383
109
144
234
292
359
1023
1023
1023
769
292
69
162
239
331
526
1023
1023
1023
627
219
77
187
281
366
705
1023
1023
956
577
180
98
198
287
375
892
1023
1023
893
446
121
124
222
312
690
880
1023
1023
722
335
71
172
227
339
520
1023
1023
1023
654
256
72
184
242
332
685
1023
1023
970
570
212
88
207
290
342
889
1023
1023
915
447
117
126
227
304
379
975
1023
1023
835
396
81
146
229
322
433
1023
1023
1023
737
312
69
163
243
337
565
1023
1023
962
613
231
94
195
256
361
797
1023
1023
907
496
145
108
215
279
393
944
1023
1023
820
419
110
127
241
304
414
1023
1023
1023
745
297
82
155
248
303
512
1023
1023
1023
695
234
75
201
253
329
738
1023
1023
975
561
160
109
224
287
365
839
1023
1023
846
461
122
132
223
314
390
1023
1023
1023
778
339
73
154
229
330
465
1023
1023
1023
684
264
62
181
239
340
685
1023
1023
1023
523
187
74
207
258
349
842
1023
1023
886
472
155
118
228
296
382
1023
1023
1023
781
351
72
164
243
324
415
1023
1023
1023
748
296
77
168
250
360
664
1023
1023
1023
657
213
87
190
272
381
764
1023
1023
876
522
171
94
201
276
386
929
1023
1023
802
378
110
143
225
297
391
1023
1023
1023
722
312
83
158
255
331
607
1023
1023
1023
641
225
72
172
271
345
748
1023
1023
980
589
169
97
186
280
353
906
1023
1023
869
453
100
137
219
309
376
983
1023
1023
768
363
81
160
220
337
517
1023
1023
1023
672
254
63
180
224
333
666
1023
1023
973
605
204
69
211
257
372
864
1023
1023
923
427
131
110
229
279
378
987
1023
1023
832
380
95
161
231
301
424
1023
1023
1023
706
255
69
194
262
529
598
1023
1023
939
576
190
91
196
278
334
826
1023
1023
907
525
145
127
223
277
366
925
1023
1023
790
432
144
128
235
301
384
1023
1023
1023
682
301
77
168
265
324
567
1023
1023
1023
635
240
95
208
273
357
796
1023
1023
966
489
153
97
218
331
345
929
1023
1023
883
445
119
127
215
320
391
1023
1023
1023
799
269
91
155
229
384
448
1023
1023
1023
674
283
50
154
243
345
682
1023
1023
991
571
218
89
219
265
430
856
1023
1023
892
475
141
118
211
288
394
1023
1023
1023
784
323
99
135
240
303
456
1023
1023
1023
751
267
75
182
214
331
634
1023
1023
1007
625
184
80
209
248
324
724
1023
1023
884
530
151
118
213
291
379
945
1023
1023
846
375
91
139
214
327
385
1023
1023
1023
767
325
65
159
237
322
568
1023
1023
1023
611
234
62
200
242
335
740
1023
1023
938
509
158
114
231
280
352
951
1023
1023
836
401
111
138
224
300
372
1023
1023
1023
774
350
78
147
240
332
526
1023
1023
1023
687
238
71
172
253
341
650
1023
1023
929
590
204
65
204
284
382
847
1023
1023
863
444
139
129
227
293
397
958
1023
1023
774
370
100
152
243
307
483
1023
1023
1023
690
264
87
164
257
330
629
1023
1023
1023
651
207
74
181
275
344
852
1023
1023
920
517
145
97
222
283
351
899
1023
1023
804
421
88
137
228
308
388
1023
1023
1023
706
299
59
171
236
345
566
1023
1023
1002
663
248
78
202
240
363
761
1023
1023
987
549
306
218
114
156
826
727
1023
1023
1023
277
71
178
271
329
391
1023
768
1023
843
360
108
137
219
304
965
992
1023
984
628
219
81
211
211
139
886
1023
1023
1023
647
207
89
194
255
349
820
1023
1023
844
468
137
121
191
291
384
996
1023
1023
757
359
89
151
211
308
442
1023
1023
1023
696
279
83
181
242
319
650
1023
1023
1023
591
184
80
196
272
341
1023
1023
1023
884
482
123
110
224
328
408
1020
1023
1023
836
395
83
136
225
320
362
1023
1023
1023
720
341
74
158
244
338
559
1023
1023
1023
619
244
73
204
252
355
738
1023
1023
892
543
180
107
217
267
372
934
1023
1023
861
442
125
114
