140
188
357
506
566
568
356
240
214
146
99
209
390
529
576
495
314
186
147
130
143
239
399
507
548
438
301
191
160
98
129
358
509
547
533
395
287
174
145
144
172
363
497
539
526
343
246
158
154
132
252
418
497
528
457
294
206
143
171
169
283
419
531
517
507
285
243
213
114
119
279
453
577
563
416
249
199
171
89
192
323
471
549
535
367
246
222
139
164
145
408
534
625
523
328
207
160
127
149
278
433
492
540
494
323
256
162
151
147
294
467
530
567
426
295
179
162
134
180
316
499
536
521
364
229
200
157
89
146
392
569
606
544
331
226
195
116
119
213
415
585
583
575
324
215
184
109
140
291
450
559
607
475
274
162
142
108
135
315
475
522
505
409
265
184
187
126
164
344
522
565
559
342
242
153
160
122
239
368
520
569
520
309
231
170
126
114
281
413
561
571
484
293
192
177
123
114
330
479
543
548
429
297
213
182
84
113
356
504
585
524
387
235
170
141
109
222
395
491
567
507
333
209
188
169
153
279
391
477
599
438
286
174
179
145
172
325
429
515
559
460
284
203
152
151
165
315
520
542
608
366
261
160
180
139
145
349
524
532
539
335
219
176
155
128
210
433
592
569
499
284
161
165
125
156
262
480
557
556
490
281
195
164
159
143
353
506
579
521
400
262
193
139
140
181
359
468
532
513
366
225
198
187
152
217
379
509
584
502
309
207
167
126
101
255
431
585
609
503
331
231
194
113
131
324
520
586
538
405
264
192
139
124
199
367
502
556
551
400
213
170
131
117
181
409
545
611
499
346
205
149
112
155
309
395
504
523
476
321
218
152
128
145
289
461
537
567
427
272
183
134
117
136
299
531
521
553
381
259
196
115
90
172
376
552
576
538
340
235
182
118
98
247
383
524
525
514
282
215
184
146
129
270
376
534
527
470
251
211
130
152
154
318
443
552
531
411
228
181
199
135
154
342
533
626
547
351
217
187
152
129
175
381
511
568
528
345
239
220
130
127
252
439
515
559
449
279
158
169
107
162
307
513
526
550
400
286
207
146
116
133
387
563
590
547
360
239
187
129
126
190
426
527
583
525
326
216
149
125
125
269
457
558
619
483
309
197
152
138
171
299
491
537
562
451
302
241
185
147
149
304
509
554
553
375
250
164
147
138
156
335
526
554
505
338
243
162
103
121
260
437
552
576
476
288
204
167
108
189
308
457
550
547
460
268
237
170
115
137
320
501
574
531
414
241
175
144
120
185
343
466
537
498
361
218
209
189
123
248
372
531
628
536
309
207
198
123
167
243
404
509
585
462
297
209
160
101
146
313
433
519
523
361
280
141
139
105
202
334
501
510
546
343
234
143
123
133
238
417
577
564
506
322
208
156
122
178
297
431
533
571
452
285
218
130
136
133
307
497
576
569
443
282
143
131
120
166
304
460
531
522
436
263
225
160
97
156
366
519
585
470
332
253
185
170
108
256
399
552
540
472
295
214
164
114
157
304
479
569
581
447
262
203
157
154
150
353
531
605
561
407
270
231
142
147
183
390
543
634
541
374
221
230
174
100
225
378
489
554
488
302
220
192
125
143
250
410
554
604
431
297
190
225
113
198
268
476
526
546
409
263
254
169
118
184
344
540
561
594
348
225
153
173
148
213
383
519
530
536
307
228
156
125
156
302
404
546
569
556
291
194
156
158
151
272
433
531
534
429
261
173
160
132
125
336
505
584
565
458
232
186
154
135
161
375
484
551
524
337
224
178
128
117
217
501
542
548
447
451
205
180
139
198
286
413
501
492
434
271
191
175
147
155
337
616
551
529
348
338
175
130
121
221
394
552
589
439
344
241
178
230
122
262
441
674
643
550
328
268
187
119
106
251
428
508
557
442
303
178
163
174
122
300
489
697
515
372
275
180
165
126
187
346
527
541
544
353
268
203
126
154
237
408
566
705
492
309
222
160
140
142
293
415
546
546
497
314
220
161
127
117
323
490
573
572
470
251
195
134
120
123
285
521
546
535
407
267
195
180
103
169
331
522
622
506
343
213
182
114
137
252
418
499
545
475
310
186
172
156
127
301
462
551
579
409
288
207
156
144
203
310
512
500
558
369
278
199
184
125
150
345
541
543
505
299
209
154
130
135
206
391
551
540
501
305
230
189
147
142
240
464
593
597
474
279
173
156
111
141
359
475
537
530
423
248
211
146
100
134
339
507
566
487
330
185
154
180
137
202
408
502
547
515
317
206
174
116
128
258
442
551
592
464
270
207
162
123
137
290
480
564
520
399
272
204
172
122
157
372
519
592
577
387
221
187
132
82
172
404
551
594
509
373
225
186
110
159
245
425
551
564
452
306
196
140
125
171
317
422
500
572
435
294
208
162
159
148
324
532
564
539
360
249
170
134
154
164
360
518
557
529
362
279
184
148
119
256
415
562
550
527
272
204
171
120
116
269
421
544
513
471
264
202
159
133
126
323
488
571
572
388
237
184
120
113
195
384
493
535
524
359
228
188
141
142
209
368
543
578
503
312
198
184
152
147
243
420
492
543
458
303
233
172
100
117
309
507
546
564
377
263
187
147
134
122
337
501
533
554
375
270
201
143
117
204
441
535
578
521
289
158
143
116
148
307
458
523
571
480
304
203
152
138
125
295
458
570
549
445
279
186
170
116
175
292
494
520
558
364
279
167
143
125
172
354
554
600
535
325
242
151
127
129
242
471
552
516
518
304
244
179
135
161
323
453
595
538
476
261
184
139
115
147
317
465
528
509
432
247
235
132
89
191
333
507
585
496
360
219
149
135
129
282
363
507
612
548
380
253
208
153
111
267
410
551
620
455
297
214
164
115
158
290
457
497
577
379
277
216
192
108
154
349
522
509
552
358
246
157
132
153
204
407
548
530
527
324
255
188
120
111
226
398
568
566
435
273
160
148
151
151
283
450
540
538
429
279
181
154
119
132
329
518
567
535
393
255
181
173
93
156
375
486
554
492
341
211
186
165
121
233
415
522
539
462
241
143
135
149
127
329
476
540
537
440
275
187
173
127
155
355
521
565
591
372
242
184
155
152
179
364
517
569
523
362
228
156
138
117
211
403
522
571
480
327
209
177
116
181
288
463
534
581
464
327
222
181
148
112
300
516
555
605
400
267
181
153
111
181
343
482
505
543
339
248
180
155
158
254
372
547
583
540
294
216
144
137
179
260
413
565
561
514
330
275
177
125
150
284
429
574
574
391
244
170
132
162
153
315
486
552
566
373
263
211
203
97
181
359
538
605
562
364
240
206
143
103
203
385
508
537
474
307
192
164
122
118
248
487
542
542
395
252
188
151
129
193
344
524
519
511
374
254
172
138
122
157
379
548
633
499
324
210
193
145
117
297
388
522
588
501
334
204
165
127
121
276
460
506
524
421
227
150
141
111
141
291
493
528
519
393
237
186
147
116
152
335
545
586
528
347
245
164
150
111
264
402
524
531
492
296
225
159
155
133
338
436
556
562
475
276
220
139
126
167
320
461
536
553
462
280
218
143
128
145
337
479
561
529
409
216
154
140
119
152
315
488
582
526
343
219
183
124
132
229
448
526
585
478
349
206
172
117
143
259
475
543
563
466
343
201
189
147
148
313
559
533
589
351
289
166
167
146
216
376
527
558
463
313
227
132
195
121
246
432
569
585
465
287
266
146
132
121
239
446
547
591
428
281
171
175
141
105
290
462
650
561
384
247
323
133
105
138
334
481
536
504
293
243
186
157
143
249
379
536
644
465
314
211
229
160
167
332
406
530
539
471
223
239
181
145
234
334
470
543
589
343
186
172
97
121
156
347
451
564
551
360
213
202
134
126
269
413
509
595
580
330
199
160
225
141
207
391
458
552
464
308
210
144
129
134
390
493
525
550
428
260
168
135
119
178
357
523
421
551
381
269
178
175
122
226
432
546
562
553
329
229
160
159
144
272
427
509
458
493
299
211
194
167
116
288
555
580
568
458
246
189
147
116
183
316
498
605
564
458
317
224
138
95
157
371
512
605
513
345
229
156
145
121
231
441
490
533
467
321
213
176
144
136
285
436
520
550
431
308
182
167
105
155
298
486
517
523
401
244
222
129
118
127
356
528
560
505
323
242
170
167
117
209
418
517
567
572
323
214
214
97
113
254
439
540
591
467
288
182
148
106
178
271
474
517
520
407
276
191
129
115
150
324
463
488
473
314
214
134
138
159
219
399
522
552
508
331
226
149
125
146
271
417
567
582
471
290
225
156
105
148
300
449
533
558
468
277
206
192
92
155
344
485
563
539
395
240
188
143
124
174
384
470
575
521
374
233
166
124
150
256
405
537
573
494
320
196
139
163
123
304
469
520
539
421
303
208
171
103
133
323
518
540
584
394
259
190
149
136
132
349
569
574
590
399
256
214
123
105
192
422
560
572
498
307
205
166
117
151
283
475
529
539
459
282
186
141
101
131
334
493
576
527
387
267
193
164
132
151
354
479
543
542
370
246
181
165
104
188
330
505
554
509
312
202
163
133
104
294
411
511
554
462
331
