210
644
667
549
645
611
186
160
654
823
332
339
333
460
256
156
69
174
574
631
1023
1023
1023
238
832
809
420
247
377
306
900
1023
128
283
161
295
162
249
1023
1023
457
245
748
772
151
133
99
271
235
207
459
418
786
820
272
253
423
640
882
536
372
111
123
260
147
86
214
240
416
489
357
174
438
106
153
628
511
691
400
268
411
267
108
369
850
564
264
758
1023
1023
380
80
142
151
532
92
273
402
744
996
896
844
429
97
550
420
340
693
843
514
103
407
267
540
528
294
302
793
763
795
431
236
269
164
195
411
624
1023
980
537
104
573
1023
1023
1023
256
1023
1023
1023
158
459
485
222
125
209
264
361
345
749
267
98
184
414
109
271
417
946
1009
806
83
128
549
504
456
268
478
860
1023
992
433
163
179
234
255
381
342
571
485
306
217
470
600
335
172
430
1023
1023
823
367
277
131
86
227
509
884
1018
1023
840
434
602
118
219
945
694
1023
750
1023
1023
924
551
161
439
447
308
633
1023
1023
978
404
1023
496
253
830
253
248
238
465
228
632
478
110
105
451
250
919
1023
720
1023
435
417
608
1023
382
246
222
215
793
892
405
112
137
103
361
523
673
710
708
632
553
316
140
326
252
420
506
790
237
266
602
337
417
1023
675
362
425
273
317
410
752
830
922
318
227
218
483
304
705
991
912
1023
1023
307
1023
939
835
327
103
851
1023
474
778
360
1023
1023
1023
759
647
575
390
831
924
732
407
211
370
806
1023
781
182
1023
673
271
445
962
968
231
453
115
252
466
245
800
1023
821
703
429
131
476
342
215
242
237
374
512
645
480
246
106
238
112
361
485
721
823
838
552
114
128
100
125
409
213
188
427
405
1023
1023
1023
188
227
648
1023
858
809
104
93
123
94
182
216
216
411
266
655
1023
1023
493
106
284
491
802
861
748
724
251
354
478
258
85
296
1023
1023
450
202
608
646
211
216
339
880
887
1023
697
205
124
123
197
346
387
410
302
381
324
100
608
423
253
942
1023
487
1023
1023
343
119
105
197
107
109
725
270
259
320
440
1023
688
746
305
147
386
617
947
906
1023
818
301
111
228
244
824
1023
1023
401
560
512
119
117
161
416
858
1023
1023
445
110
366
608
235
567
357
453
528
531
259
75
118
106
380
755
1023
647
545
707
160
129
344
357
168
185
340
510
603
485
484
591
401
203
639
413
678
565
270
620
968
946
232
726
542
492
821
828
784
224
201
1020
180
1023
1023
622
219
643
338
528
315
371
533
359
249
547
1023
722
339
339
213
524
147
260
590
1023
223
245
364
107
189
150
214
364
243
394
886
1023
874
263
107
213
79
134
394
1007
1023
582
180
245
128
660
713
242
898
1023
1023
627
213
420
421
129
501
1023
1023
892
259
1004
189
325
238
141
261
609
552
357
252
271
257
340
306
73
75
333
671
455
422
898
770
482
188
227
585
842
538
638
449
548
395
125
283
230
203
253
798
694
666
610
520
158
349
490
627
461
247
637
301
88
366
177
350
647
688
229
168
390
225
511
839
628
786
736
289
813
1023
1023
1023
251
108
141
237
469
856
1010
617
350
232
179
393
492
82
607
909
581
435
393
91
268
198
287
185
764
262
815
1023
753
413
214
725
420
135
265
191
186
533
464
130
369
213
95
116
268
243
227
308
326
518
602
97
395
258
290
343
567
768
246
271
259
97
638
601
285
672
915
750
879
827
114
154
443
271
370
738
925
847
617
131
110
167
779
655
1023
662
314
177
437
319
109
123
194
220
730
1023
728
682
331
108
92
349
256
207
509
888
604
407
441
742
341
94
773
1023
785
559
555
304
167
95
303
357
319
626
988
1023
1001
169
178
736
877
197
303
162
192
576
1023
884
663
163
343
425
366
456
727
699
812
616
514
97
100
704
899
391
436
355
561
581
449
67
100
319
680
1023
837
627
97
651
132
120
248
305
604
681
941
740
108
166
110
262
270
708
760
552
307
127
506
145
192
95
268
243
320
841
583
928
437
154
1010
133
642
740
743
378
586
677
559
316
451
937
306
209
145
626
927
707
495
189
588
577
692
276
299
307
452
437
115
420
87
315
567
563
795
381
388
312
177
417
501
458
207
710
1023
1023
806
140
699
554
231
302
394
625
790
482
281
541
593
247
191
336
356
208
300
308
942
1023
328
214
786
388
460
293
658
1023
1023
832
173
226
564
997
700
606
710
375
370
888
772
538
354
1023
1023
1023
507
139
230
195
59
181
248
588
1023
1023
665
126
576
270
622
314
640
1010
636
414
453
428
258
373
107
228
265
537
788
752
634
97
492
78
86
261
268
130
421
416
186
151
196
91
167
516
556
269
377
230
101
184
306
72
243
435
363
484
422
228
249
192
223
287
276
281
607
622
450
128
431
189
209
99
449
540
1023
773
365
100
119
575
357
209
256
357
375
757
355
258
172
147
217
372
243
365
815
480
534
443
470
288
122
277
521
1023
1023
868
427
191
487
113
324
258
229
326
574
386
342
99
895
342
147
511
764
850
875
474
258
89
206
250
162
271
414
381
384
461
126
382
145
127
281
586
674
823
896
587
255
108
396
384
261
241
482
888
756
158
570
262
282
612
414
392
972
787
628
490
99
141
87
215
388
265
358
298
424
801
278
151
309
192
268
806
592
401
424
83
129
214
232
375
351
192
225
634
1023
924
743
419
90
275
712
793
790
663
329
248
226
90
160
382
238
740
1023
1023
460
109
101
320
142
338
642
331
443
497
195
162
140
84
260
592
514
280
414
155
449
1023
861
175
278
632
728
609
587
374
470
382
409
150
249
355
876
841
1023
670
157
212
123
314
613
755
981
971
526
123
142
94
99
181
383
1015
1023
424
207
130
101
342
228
232
432
716
1023
1023
818
416
130
1023
792
832
284
293
234
319
707
1023
648
201
120
374
744
796
812
867
929
730
171
244
490
1023
887
859
635
247
133
92
457
238
246
569
899
1023
1003
782
543
486
153
1023
993
1023
658
364
453
415
149
173
306
102
250
849
1023
1023
638
141
1023
430
208
289
346
789
824
511
364
337
424
192
223
201
243
532
283
364
693
404
434
93
514
489
447
251
355
414
273
469
111
153
219
319
535
299
290
276
87
121
112
90
163
289
255
211
399
155
237
855
894
368
177
544
531
573
544
503
640
472
93
79
228
256
830
555
458
379
506
515
86
84
340
216
669
1023
1023
678
452
267
234
577
907
451
257
444
519
863
591
149
454
850
805
497
191
347
158
123
298
108
84
501
256
305
617
1016
657
412
122
108
420
252
343
893
779
434
225
452
143
99
328
238
339
479
444
233
136
316
586
731
257
338
744
963
1023
719
1023
589
166
464
1023
1012
415
291
356
107
239
512
742
341
206
540
547
778
760
548
489
118
99
183
233
479
832
744
567
321
160
137
597
1007
763
889
281
627
182
260
149
147
238
210
325
565
633
642
671
432
405
303
88
406
881
893
619
464
391
271
263
209
100
635
195
258
965
1023
744
627
153
260
382
644
761
247
304
532
572
189
137
145
122
321
424
230
615
468
286
690
471
108
240
350
628
788
814
373
273
128
162
161
249
345
484
539
432
267
99
221
515
121
338
490
948
501
376
73
306
137
171
223
365
680
766
574
357
212
124
301
893
619
314
175
239
484
147
107
114
89
100
371
232
617
715
434
493
235
104
164
88
264
378
848
1023
1023
870
346
648
509
472
862
662
530
331
200
502
242
437
366
616
350
447
1023
944
638
220
286
98
248
218
321
822
824
673
559
119
117
137
137
338
551
375
378
1023
949
523
94
1023
445
253
242
930
597
473
412
149
100
93
304
481
625
713
561
128
316
665
153
253
668
925
491
342
471
293
297
148
148
95
242
716
1023
997
590
292
84
190
224
388
278
739
1023
1023
622
344
244
698
883
581
288
476
293
760
823
355
253
566
212
168
195
342
733
833
567
421
139
89
268
508
802
815
470
331
83
528
708
327
103
676
1023
1023
685
444
204
106
178
444
461
802
509
176
986
942
531
229
1023
560
339
373
496
534
580
217
334
419
581
205
206
312
508
231
332
369
153
448
107
383
229
393
730
571
538
427
152
543
602
171
364
333
400
623
778
530
154
182
420
202
290
350
493
543
431
95
533
621
300
754
254
400
382
479
197
367
257
225
68
227
316
253
712
974
610
383
145
325
259
247
240
582
738
408
129
127
114
284
285
275
517
841
642
697
680
137
132
378
401
214
232
338
488
517
607
342
547
127
218
215
271
724
1023
1023
956
483
98
305
377
638
565
561
562
504
288
249
97
179
236
427
466
761
581
102
94
114
181
146
247
185
453
743
757
838
250
512
510
163
478
939
690
770
383
244
500
354
406
556
323
361
777
777
381
370
124
231
269
310
226
1023
1023
724
419
121
119
64
309
541
630
319
330
588
370
127
174
118
143
304
400
675
588
165
199
192
189
565
280
527
567
668
730
855
753
252
422
395
255
302
493
331
310
274
161
896
1016
544
250
638
1023
1023
1023
729
103
1023
994
390
377
420
495
555
309
96
126
289
477
604
872
1023
763
497
113
366
800
374
386
852
761
451
363
351
245
210
229
340
230
387
193
685
673
554
340
169
119
101
117
330
458
320
467
451
698
217
299
213
151
297
525
671
770
379
110
678
640
