205
322
434
983
1023
1023
980
604
226
96
176
333
455
1023
1023
1023
950
534
190
97
215
394
612
1023
1023
1023
817
428
143
139
232
391
747
1023
1023
1023
715
396
109
159
274
437
963
1023
1023
1023
591
256
92
173
332
436
1023
1023
1023
958
535
210
105
204
359
510
1023
1023
1023
830
430
123
115
243
381
693
1023
1023
1023
780
377
90
155
279
424
930
1023
1023
1023
646
292
93
170
311
445
1014
1023
1023
953
573
233
97
190
350
514
1023
1023
1023
832
452
164
115
244
363
680
1023
1023
1023
764
387
99
153
281
414
893
1023
1023
1023
658
281
87
163
318
430
1003
1023
1023
1016
606
256
95
191
356
435
1023
1023
1023
866
490
158
112
215
369
583
1023
1023
1023
798
432
127
123
249
445
853
1023
1023
1023
681
322
88
175
287
434
964
1023
1023
1023
622
280
81
193
336
493
1023
1023
1023
945
482
193
122
224
364
522
1023
1023
1023
859
439
141
133
248
384
738
1023
1023
1023
730
350
109
153
290
432
908
1023
1023
1023
656
299
76
167
345
458
1023
1023
1023
935
527
203
94
207
354
487
1023
1023
1023
842
471
180
123
229
394
712
1023
1023
1023
691
366
93
142
278
384
879
1023
1023
1023
676
302
89
157
303
453
1023
1023
1023
978
497
205
88
196
387
475
1023
1023
1023
922
495
163
115
223
384
665
1023
1023
1023
769
348
98
146
256
442
790
1023
1023
1023
685
324
86
159
307
474
1023
1023
1023
944
565
187
100
192
330
523
1023
1023
1023
950
512
197
95
167
377
662
1023
1023
1023
775
380
125
122
256
388
829
1023
1023
1023
768
346
112
155
309
429
1015
1023
1023
1020
623
233
101
183
352
453
1023
1023
1023
932
538
211
100
211
374
587
1023
1023
1023
812
436
133
128
238
403
745
1023
1023
1023
742
382
93
154
276
444
956
1023
1023
1023
625
308
84
173
306
433
1023
1023
1023
986
566
231
99
212
365
488
1023
1023
1023
835
430
135
120
244
391
665
1023
1023
1023
793
385
114
138
268
422
888
1023
1023
1023
669
304
83
157
296
421
980
1023
1023
951
575
234
92
189
341
488
1023
1023
1023
842
453
163
110
221
363
645
1023
1023
1023
767
403
132
150
271
406
864
1023
1023
1023
661
294
89
161
306
427
974
1023
1023
1023
600
230
98
194
349
434
1023
1023
1023
905
505
167
121
205
371
563
1023
1023
1023
805
440
121
140
246
414
804
1023
1023
1023
690
338
89
163
287
433
946
1023
1023
1023
638
293
77
191
339
505
1023
1023
1023
955
502
203
100
213
344
520
1023
1023
1023
882
442
163
126
247
385
728
1023
1023
1023
732
338
103
168
296
413
862
1023
1023
1023
671
303
91
163
322
459
1023
1023
1023
973
553
235
83
183
355
477
1023
1023
1023
891
490
159
116
232
393
692
1023
1023
1023
712
361
102
138
262
397
851
1023
1023
1023
676
306
87
174
318
433
1023
1023
1023
972
554
216
96
195
334
431
1023
1023
1023
928
504
164
101
217
384
648
1023
1023
1023
783
395
114
138
258
411
765
1023
1023
1023
713
347
73
147
297
454
1001
1023
1023
964
575
259
78
188
337
474
1023
1023
1023
893
503
188
106
233
382
624
1023
1023
1023
779
392
137
117
251
382
774
1023
1023
1023
775
359
109
151
295
434
981
1023
1023
1022
631
257
96
182
328
438
1023
1023
1023
940
564
194
107
206
375
578
1023
1023
1023
824
434
146
127
232
393
717
1023
1023
1023
748
379
109
148
264
431
918
1023
1023
1023
628
289
88
174
303
431
1023
1023
1023
1005
553
231
95
204
348
468
1023
1023
1023
860
456
153
128
228
372
639
1023
1023
1023
799
402
99
131
278
425
877
1023
1023
1023
668
298
75
167
308
433
975
1023
1023
975
600
247
76
187
330
464
1023
1023
1023
848
471
169
109
203
341
609
1023
1023
1023
789
413
127
145
269
405
871
1023
1023
1023
665
322
94
166
293
414
979
1023
1023
1023
611
267
91
170
364
462
1023
1023
1023
920
510
178
105
207
373
519
1023
1023
1023
814
432
129
131
245
416
767
1023
1023
1023
700
360
89
177
289
431
918
1023
1023
1023
644
291
81
192
325
482
1023
1023
1023
947
515
215
90
211
346
508
1023
1023
1023
905
449
162
107
256
389
735
1023
1023
1023
754
343
112
153
274
404
831
1023
1023
1023
675
304
80
158
329
461
1023
1023
1023
976
552
214
93
186
356
460
1023
1023
1023
876
491
169
117
212
377
668
1023
1023
1023
750
407
118
139
253
395
842
1023
1023
1023
687
326
98
173
320
425
1023
1023
1023
979
543
231
87
193
348
447
1023
1023
1023
938
506
173
106
216
381
634
1023
1023
1023
798
397
103
129
238
387
748
1023
1023
1023
729
353
74
160
288
436
953
1023
1023
1002
573
249
102
191
318
469
1023
1023
1023
912
530
210
116
221
365
599
1023
1023
1023
779
413
148
116
255
371
752
1023
1023
1023
759
338
102
144
295
429
956
1023
1023
1023
647
248
90
178
320
432
1019
1023
1023
943
569
214
97
209
364
528
1023
1023
1023
815
445
151
121
241
401
700
1023
1023
1023
784
399
119
163
276
461
900
1023
1023
1023
629
306
97
169
307
454
1022
1023
1023
1015
561
248
81
204
346
453
1023
1023
1023
868
439
153
116
236
402
610
1023
1023
1023
790
397
112
143
278
425
844
1023
1023
1023
702
291
85
155
297
461
985
1023
1023
999
623
257
91
175
337
458
1023
1023
1023
867
483
155
112
208
357
609
1023
1023
1023
815
408
137
127
219
403
829
1023
1023
1023
676
319
88
153
279
410
970
1023
1023
1023
654
258
91
170
331
465
1023
1023
1023
932
508
180
121
211
370
501
1023
1023
1023
832
494
156
125
238
376
759
1023
1023
1023
700
349
87
193
279
426
908
1023
1023
1007
642
314
97
193
323
437
1023
1023
1023
876
534
217
104
271
338
495
1023
1023
1023
913
456
230
107
242
382
664
1023
1023
1023
736
356
113
144
321
403
812
1023
1023
1023
696
308
101
187
342
473
1023
1023
1023
969
548
213
95
182
374
454
1023
1023
1023
906
506
183
117
216
398
654
1023
1023
1023
760
391
107
132
234
397
819
1023
1023
1023
685
334
97
153
293
429
1023
1023
1023
1016
575
240
78
193
343
450
1023
1023
1023
938
511
176
106
227
385
595
1023
1023
1023
802
402
124
135
244
397
750
1023
1023
1023
751
355
96
142
280
437
952
1023
1023
984
599
269
92
175
301
451
1023
1023
1023
916
530
210
97
210
358
579
1023
1023
1023
796
426
151
130
253
386
743
1023
1023
1023
765
362
107
140
294
427
955
1023
1023
1023
655
276
101
173
324
427
1017
1023
1023
939
564
202
100
202
371
504
1023
1023
1023
845
455
147
111
221
385
683
1023
1023
1023
781
407
113
153
273
438
883
1023
1023
1023
656
316
81
173
293
430
1004
1023
1023
1023
569
253
96
202
356
460
1023
1023
1023
899
446
179
112
227
377
594
1023
1023
1023
810
407
108
137
272
418
815
1023
1023
1023
686
315
81
151
298
432
956
1023
1023
1023
637
267
90
169
341
466
1023
1023
1023
890
510
187
89
214
355
552
1023
1023
1023
804
430
150
119
253
382
819
1023
1023
1023
691
327
85
165
289
413
945
1023
1023
1023
640
277
80
190
332
449
1023
1023
1023
942
524
188
96
186
371
486
1023
1023
1023
865
475
147
124
230
386
719
1023
1023
1023
715
357
108
152
277
431
871
1023
1023
1023
676
304
77
167
308
472
1023
1023
1023
926
542
220
93
214
348
487
1023
1023
1023
893
457
177
111
237
380
701
1023
1023
1023
795
371
129
144
276
403
803
1023
1023
1023
706
306
94
166
324
453
998
1023
1023
970
563
224
91
187
340
463
1023
1023
1023
920
516
184
118
228
408
644
1023
1023
1023
757
406
114
141
236
396
777
1023
1023
1023
694
356
90
137
281
437
1008
1023
1023
1004
570
247
90
192
332
434
1023
1023
1023
931
516
189
102
219
372
571
1023
1023
1023
840
417
113
117
240
390
743
1023
1023
1023
759
372
84
148
284
441
953
1023
1023
1006
608
267
72
171
309
453
1023
1023
1023
935
550
221
97
203
344
572
1023
1023
1023
798
432
164
97
234
376
699
1023
1023
1023
770
383
112
135
289
421
918
1023
1023
1023
659
277
103
165
312
418
1023
1023
1023
975
609
228
105
204
367
470
1023
1023
1023
840
472
159
110
221
401
651
1023
1023
1023
796
402
110
134
252
433
880
1023
1023
1023
641
311
90
182
292
439
987
1023
1023
1023
589
269
81
199
336
462
1023
1023
1023
910
465
185
121
220
365
548
1023
1023
1023
828
422
113
153
277
415
786
1023
1023
1023
691
335
96
153
303
432
939
1023
1023
1023
655
280
86
186
341
475
1023
1023
1023
903
517
177
101
190
354
535
1023
1023
1023
823
451
144
145
229
372
789
1023
1023
1023
712
348
103
158
277
409
929
1023
1023
1023
649
291
93
169
346
462
1023
1023
1023
970
541
191
92
196
366
476
1023
1023
1023
889
475
153
120
223
396
685
1023
1023
1023
736
374
90
136
242
422
826
1023
1023
1023
675
312
85
178
318
457
1023
1023
1023
943
552
225
90
212
334
478
1023
1023
1023
915
495
195
116
241
385
671
1023
1023
1023
799
375
125
140
265
387
778
1023
1023
1023
722
329
92
162
313
437
979
1023
1023
981
591
230
96
189
349
468
1023
1023
1023
944
523
190
108
204
379
602
1023
1023
1023
781
420
129
125
244
411
751
1023
1023
1023
713
356
81
173
285
447
982
1023
1023
1023
600
264
97
185
323
437
1023
1023
1023
948
542
207
99
217
367
546
1023
1023
1023
818
424
121
128
241
392
718
1023
1023
1023
787
391
84
147
277
419
935
1023
1023
1023
652
280
87
198
308
438
992
1023
1023
963
561
239
94
191
348
512
1023
1023
1023
825
434
151
126
252
367
695
1023
1023
1023
772
385
136
128
288
416
908
1023
1023
1023
647
