107
272
810
1023
592
1002
247
485
544
131
373
1023
790
641
886
811
296
98
208
82
171
759
798
461
824
981
273
169
191
772
858
346
561
894
845
476
225
194
116
163
326
836
826
919
953
977
260
401
335
92
341
959
510
783
975
930
116
233
220
279
578
1023
1023
956
265
253
240
148
287
219
447
801
1014
761
353
637
175
281
86
261
617
1023
1023
751
316
261
162
96
117
387
970
767
707
596
878
849
254
597
658
630
1023
1023
715
473
163
174
133
158
620
838
1023
1023
928
580
91
350
118
72
311
853
848
949
584
395
254
206
106
217
327
702
1023
1023
730
266
207
143
130
563
1016
823
672
759
531
333
157
274
159
185
624
902
977
1023
738
73
158
141
92
457
852
1023
1023
990
559
186
262
150
509
543
786
750
1023
1023
800
148
168
147
277
604
1023
1023
738
644
188
150
182
99
203
618
1023
1020
950
740
585
117
138
55
328
973
1023
1023
610
429
440
195
122
210
797
637
406
529
665
535
230
194
408
147
411
895
1023
1023
763
311
104
129
97
135
327
887
1023
637
398
398
182
134
73
146
434
573
916
1023
612
579
513
183
195
158
684
1023
1023
886
224
293
199
262
386
439
1023
1002
1015
718
135
412
967
737
804
462
592
953
902
515
489
681
398
139
251
531
864
1023
906
397
518
232
151
71
397
733
922
1023
934
631
107
163
108
97
309
687
1015
1023
944
474
161
267
102
187
484
615
1023
1023
697
191
194
159
212
313
426
796
972
1023
599
472
261
138
613
553
429
638
697
932
184
200
944
142
339
317
948
981
836
510
445
503
508
113
347
548
940
1023
814
638
324
74
224
138
108
803
1023
1023
1023
302
115
131
128
118
513
840
1023
1023
602
481
290
194
426
417
274
561
783
900
955
717
334
159
209
322
565
740
830
1023
847
683
295
399
87
439
602
955
1023
962
600
623
412
199
120
215
383
1023
1023
911
748
434
110
196
268
459
815
1023
1023
667
164
83
174
129
73
250
541
780
987
680
162
98
315
95
269
344
823
969
1023
772
168
224
245
279
304
522
878
530
539
628
568
431
117
420
176
640
1023
1023
1017
715
234
158
127
258
357
375
1023
1023
938
465
78
163
106
311
312
760
1023
1023
433
95
396
140
104
172
319
659
1004
1023
501
216
233
171
628
403
741
1023
1023
773
210
541
495
134
80
178
841
1019
1023
917
497
270
176
248
429
336
480
753
976
783
394
263
239
282
131
462
940
491
1023
1023
145
394
156
695
213
919
690
737
1023
663
312
137
165
210
381
541
653
818
915
653
343
160
322
206
515
610
1023
707
715
624
130
452
250
264
432
913
933
566
802
260
183
165
354
257
526
958
972
789
399
197
133
120
275
593
540
754
879
953
522
99
170
169
82
204
946
1023
1023
699
392
72
462
373
143
303
1023
1023
1023
1023
967
248
187
415
695
624
971
956
746
364
275
166
127
169
313
427
504
1023
1023
735
483
167
529
357
142
943
1019
1023
944
138
102
241
106
280
380
1023
1023
585
585
334
135
211
295
587
616
682
796
957
756
206
198
305
586
187
434
1002
894
810
797
368
143
133
180
518
596
736
1023
1023
648
388
122
222
438
371
808
657
717
857
879
681
191
345
108
439
851
861
979
652
91
178
476
440
108
467
877
892
749
355
394
318
163
95
332
798
1023
1023
613
238
533
290
215
463
172
879
1023
982
622
298
371
220
282
373
489
996
698
691
1019
990
218
588
152
82
349
1023
907
755
585
597
522
175
251
198
348
669
1023
967
742
477
230
174
65
274
825
1023
870
662
334
211
142
345
180
419
666
860
1023
875
135
132
159
155
185
405
627
809
870
624
447
235
146
145
336
583
1023
897
472
326
274
135
168
97
144
480
1023
895
517
755
216
168
120
195
366
666
904
847
798
449
284
254
143
175
532
1023
788
529
527
341
228
128
88
136
501
1023
1023
940
365
531
286
157
234
273
475
817
1023
1023
348
248
171
191
91
229
696
1023
1023
812
356
90
168
117
133
317
725
834
835
685
482
93
468
197
331
373
830
1023
994
841
321
118
136
167
196
394
820
981
831
552
106
184
539
299
708
484
706
882
594
667
613
220
297
323
414
866
852
877
882
525
234
128
90
223
725
1023
1023
1023
781
318
111
432
420
231
457
706
1023
1023
905
424
139
126
181
256
478
645
1023
1023
672
364
243
121
150
313
564
1023
827
776
575
280
184
559
119
527
823
1023
1023
902
566
284
178
502
752
833
780
879
751
449
193
106
220
103
166
557
1023
1023
689
212
397
487
262
250
156
432
1023
851
655
345
136
195
194
113
349
272
1023
1023
612
273
649
172
481
359
459
685
891
901
635
405
218
173
307
447
496
1023
1018
782
432
123
154
174
135
358
718
897
658
693
490
404
213
126
94
286
880
1023
858
905
627
323
136
142
328
641
830
590
553
503
315
1001
137
82
148
527
901
858
778
482
391
300
223
156
574
480
656
970
885
456
214
138
130
69
438
800
571
734
779
765
187
188
226
830
362
460
764
814
734
526
124
161
78
102
384
958
1023
732
585
629
231
148
270
327
482
831
961
790
474
691
294
328
244
302
691
898
1023
994
269
103
157
103
98
321
722
732
803
864
702
308
266
99
102
479
1023
1023
967
557
351
311
161
239
303
952
1023
856
561
502
129
179
125
82
310
726
918
1023
898
327
180
435
186
253
329
803
1023
1023
836
496
176
120
105
256
417
485
1023
1023
1023
499
105
675
174
174
409
862
1023
985
469
207
135
263
315
666
669
629
405
538
174
264
451
244
503
288
504
776
739
668
408
153
183
96
108
409
1023
1023
1023
577
74
94
306
67
116
447
889
1014
893
571
220
115
206
386
119
370
1023
1023
803
480
274
107
232
113
385
889
981
893
724
392
162
325
194
181
460
1023
1023
995
908
558
105
654
283
258
639
1023
699
811
695
464
171
137
329
288
545
1023
862
709
763
341
187
138
143
310
809
851
949
935
508
391
189
126
368
283
539
1023
1023
633
298
332
338
94
155
349
623
903
872
363
987
824
170
442
462
654
778
740
698
561
426
129
285
132
390
720
1023
1023
515
176
241
138
120
116
346
913
1023
876
677
472
149
214
382
197
312
934
968
914
728
287
95
264
116
105
447
982
965
1023
649
392
237
311
461
239
598
796
1023
845
199
121
241
155
278
295
590
785
999
972
556
196
150
208
126
321
874
1023
793
594
244
267
362
136
352
563
770
759
1023
704
328
247
178
69
113
396
551
609
869
952
562
249
135
411
268
566
1023
1023
861
437
198
123
104
105
420
949
1023
1023
515
89
183
484
142
467
478
874
1023
972
739
609
423
150
399
535
560
602
739
1023
566
162
169
263
80
269
645
965
868
741
443
184
144
156
225
348
704
841
1023
1023
434
247
139
152
416
614
870
798
882
670
222
144
200
73
389
691
588
504
728
635
672
696
131
373
468
692
1023
1023
585
641
331
206
136
456
617
814
986
753
838
470
250
231
355
217
455
533
1023
952
578
371
379
153
127
368
668
1023
760
614
484
425
262
177
215
338
540
618
543
829
658
411
346
201
148
133
467
806
1023
761
652
342
138
130
179
332
681
675
787
718
525
339
201
133
90
350
706
1023
1023
1023
295
101
218
218
217
466
922
1023
751
600
443
182
162
157
291
626
908
985
783
547
360
180
126
182
349
859
950
1023
908
563
95
128
107
169
349
684
1023
1023
640
887
157
144
170
121
558
1023
1004
845
500
257
154
280
340
167
1023
884
667
892
1023
483
135
153
220
372
795
1023
1023
945
498
96
335
254
204
355
767
971
849
524
288
300
145
167
195
416
818
1023
851
558
461
150
173
76
332
413
763
1023
921
600
534
179
119
214
234
953
1023
1023
885
452
170
118
82
104
314
693
829
797
640
387
228
148
112
165
492
962
1019
934
813
199
364
134
110
216
404
782
812
812
902
609
175
188
156
587
626
1023
1023
867
729
527
122
132
137
420
918
1023
979
595
311
282
135
367
298
574
757
906
821
625
365
137
309
167
100
407
742
1023
923
479
222
127
150
106
211
671
922
887
763
453
277
169
134
73
260
762
958
979
831
530
266
142
128
253
395
809
1019
1023
877
295
123
263
91
86
409
1023
1000
908
1023
510
93
144
110
450
788
1023
1023
874
344
96
134
244
126
245
566
741
758
759
509
226
225
135
99
451
905
986
1023
802
461
224
157
86
199
514
908
884
858
704
331
165
134
93
144
520
1023
1023
922
657
398
146
230
164
252
592
902
831
737
420
211
125
171
308
294
656
1023
1023
1014
139
67
518
128
125
372
776
1023
1023
540
423
290
169
161
268
532
1023
1023
1023
582
378
181
123
146
284
857
1023
951
651
410
216
128
195
267
436
796
816
854
630
398
81
124
100
295
292
645
970
911
702
340
125
140
157
315
357
670
1023
740
918
569
216
130
69
204
601
984
994
870
544
347
129
162
76
211
612
940
875
633
475
344
263
134
81
303
898
925
960
646
444
278
135
121
134
443
912
1023
1019
813
424
170
299
259
111
564
971
781
1015
852
99
135
152
194
173
531
904
1023
919
454
153
154
139
170
258
743
926
763
702
501
80
137
193
102
311
816
1023
967
621
415
232
156
126
133
480
858
1023
765
790
571
204
179
124
168
607
1023
1023
870
360
123
164
104
113
406
507
567
898
877
526
315
153
102
116
346
787
962
917
732
454
