559
351
122
240
298
284
899
1023
1023
855
377
79
201
240
286
602
1023
1023
1023
819
452
566
225
157
128
1023
1023
1023
1023
1023
769
110
378
959
1023
1023
1023
1023
412
654
689
427
361
1023
866
703
1023
1023
1023
1023
756
210
456
221
1023
1023
1023
1023
1023
654
91
625
436
125
967
1023
1023
1023
1023
616
144
297
114
126
1023
1023
1023
1023
1023
746
787
543
268
432
774
1023
1023
1023
1023
488
297
455
218
296
1023
1023
1023
1023
119
393
551
121
372
293
595
1023
952
433
696
990
491
301
540
1023
1023
1023
874
337
277
295
170
466
182
423
688
905
1023
386
129
669
527
67
570
1023
720
1023
1023
136
92
549
106
372
346
1023
1023
1023
756
113
250
151
98
370
329
1023
657
596
589
382
766
800
155
138
330
1023
1023
960
502
454
391
374
217
955
1023
956
1023
1023
382
139
504
241
1023
296
584
1023
1023
782
821
247
592
1023
253
803
616
588
945
639
400
244
138
214
678
456
504
1023
1023
1023
303
185
121
1023
780
495
1023
677
553
131
124
128
284
188
274
1023
1023
1023
749
190
244
326
322
567
397
1023
1023
858
441
111
243
151
220
521
763
1023
1023
645
513
800
335
388
667
504
1023
1023
1023
914
382
242
270
629
736
392
1023
1023
1023
1023
202
91
163
924
740
707
909
737
981
1023
96
246
366
930
122
464
831
908
661
706
320
136
482
164
135
421
634
787
571
1023
873
419
205
537
579
881
841
1023
1023
183
152
474
763
549
362
1023
510
564
860
328
418
734
484
607
1023
720
614
886
402
176
338
102
145
185
334
1023
1023
981
233
294
244
284
430
601
1007
1023
773
733
581
304
375
126
156
745
1023
1023
1023
534
277
112
340
789
715
661
911
1023
955
399
561
572
251
777
128
759
1023
893
660
1023
940
136
146
231
133
1023
1023
1023
1023
1023
388
128
179
583
312
1023
1023
1023
978
536
303
195
714
331
548
1023
1023
989
863
180
123
363
304
297
761
1023
1023
1023
231
246
165
368
137
168
957
1023
1023
735
361
88
571
186
475
696
1023
1023
1023
803
127
194
229
259
110
296
1023
1023
1023
1023
204
194
328
283
423
606
1023
726
509
840
395
697
187
863
304
559
1023
1023
402
143
333
495
134
180
286
908
1023
946
562
187
388
286
145
218
709
686
897
978
652
135
546
324
276
287
833
953
1023
1023
1023
264
228
359
348
346
914
1023
628
570
883
383
179
657
126
1023
573
1023
1023
1023
560
108
390
186
286
890
1023
889
914
635
200
152
205
664
261
372
850
1023
925
745
602
174
251
114
645
865
1023
1023
663
375
77
374
304
190
482
906
1023
860
808
603
728
307
503
763
468
961
1023
1023
1023
651
549
200
534
319
849
1023
1023
750
503
64
222
583
119
427
996
1023
1023
841
252
89
804
562
769
596
1023
490
273
507
773
269
455
176
314
341
750
834
770
614
324
441
514
363
587
350
1023
1023
1023
710
117
760
236
98
475
1023
1023
1023
734
408
472
134
487
81
605
996
1023
1023
970
213
82
725
130
167
232
793
1023
680
1023
667
96
414
110
120
555
1023
997
1023
533
84
632
520
784
204
324
711
1023
1023
1023
910
311
344
354
812
1023
1023
805
574
340
100
117
327
144
196
875
1023
1023
1023
1023
146
205
127
193
477
1023
963
1023
1023
259
186
193
366
465
580
788
848
1023
787
314
92
421
595
446
1023
1023
1023
1023
933
409
123
137
78
1023
950
688
531
511
334
779
849
598
148
386
1023
1023
1023
763
309
363
230
632
119
571
1023
1023
925
460
247
211
384
532
195
768
937
1023
977
631
450
656
137
517
712
1023
1023
1023
1023
569
85
370
150
356
900
1023
1023
1023
816
768
262
264
423
208
773
1023
1023
487
435
210
1023
401
497
193
624
821
825
1023
908
185
451
180
84
592
1023
1023
1023
1023
186
153
554
591
850
650
640
774
316
740
425
136
203
356
324
306
1017
1023
534
557
689
595
241
222
245
887
1023
1023
1023
332
240
227
391
449
117
978
1023
789
607
194
361
378
177
83
228
1023
1023
1023
795
452
434
179
113
922
296
348
912
1023
1023
730
458
141
95
404
989
1023
1023
1023
834
124
263
645
355
440
724
757
751
537
843
532
230
525
122
244
827
1023
1023
806
140
111
338
92
258
353
990
1023
1023
1023
442
179
148
467
706
612
1023
1023
1023
452
169
496
291
175
278
864
999
1023
1023
616
269
236
392
79
154
1023
1023
728
883
632
673
159
620
631
582
705
1023
1023
948
214
244
748
656
128
539
990
706
412
400
216
110
132
171
165
367
845
1023
902
633
132
325
181
382
123
666
1023
1023
854
159
250
151
271
543
291
846
1023
1023
630
152
131
512
140
433
752
283
970
1023
1023
531
95
250
423
493
616
776
1009
978
714
619
287
175
154
298
1023
1023
915
1023
1023
137
366
706
571
301
1023
1023
799
872
736
89
404
98
457
836
1023
1023
895
559
700
525
355
238
1023
980
1023
1023
1023
534
262
118
141
545
1023
1023
1023
1007
829
220
203
128
304
497
375
1023
1023
1023
1007
861
78
141
151
421
859
958
1023
1023
1006
722
227
197
94
466
835
937
842
1023
901
270
175
186
353
269
782
1023
1023
1023
856
135
203
241
942
826
1023
1023
836
672
492
112
449
460
480
502
1023
997
869
564
779
123
579
528
96
460
1023
1023
1023
1023
434
310
258
666
1023
602
896
1023
1023
853
107
327
133
256
251
1023
1023
1023
918
233
272
163
532
85
300
1023
1023
890
690
128
555
262
211
201
309
960
1023
1023
1023
109
221
127
99
411
496
919
1023
1023
892
501
151
458
894
454
433
1023
1023
930
135
257
176
247
263
641
1023
1023
1023
506
360
361
349
851
179
313
618
987
1023
681
486
217
135
115
402
682
1023
1023
554
379
312
120
122
208
319
494
1023
858
1002
1023
545
514
422
278
451
1023
1023
1023
603
454
77
322
101
532
464
754
1009
909
764
99
121
323
195
264
796
1023
1023
1023
896
470
296
249
826
391
775
1023
1023
746
371
161
352
123
514
1003
798
1023
1023
966
412
89
325
530
445
864
923
899
1023
719
89
90
151
339
445
662
1023
1023
512
592
557
315
221
173
126
846
1023
715
412
404
294
223
1023
156
790
1023
1023
1023
1023
574
461
466
358
465
246
591
1023
775
400
596
860
173
144
150
506
481
1023
1023
1023
569
306
119
502
603
962
1023
1023
1023
468
69
120
102
362
422
764
767
1023
1023
731
386
447
194
135
714
1023
1023
1023
1023
127
365
188
118
626
333
1023
1023
1023
784
391
121
134
382
318
817
1023
1023
1023
741
732
128
356
527
530
967
1023
1023
744
520
73
130
356
266
472
952
1023
1023
793
197
180
131
348
230
379
1023
1023
1023
615
439
123
367
336
344
616
1023
1023
1023
549
125
140
324
329
163
630
1002
1023
1023
742
115
261
523
530
346
799
1023
1003
997
713
568
177
117
831
728
870
984
900
820
664
398
413
406
674
1023
1023
810
1023
975
453
236
808
346
554
825
1023
1023
622
246
262
140
110
333
768
720
836
1007
531
282
690
169
178
91
403
992
1023
1023
935
364
277
137
260
93
527
1023
865
847
793
217
112
179
99
262
629
1023
1023
731
470
433
121
194
74
349
1023
1023
1023
944
161
254
241
137
277
367
1023
1023
1023
798
120
93
356
815
475
588
893
964
1023
955
328
77
401
204
116
987
1023
1023
1023
285
76
305
400
302
434
768
776
1023
1023
419
245
193
202
586
809
1023
962
777
848
121
281
324
660
898
475
1023
1023
1023
824
95
148
313
116
444
929
691
932
1023
1023
699
116
156
239
261
1023
1023
1023
808
501
328
139
131
222
557
747
1023
1023
1023
475
71
515
541
436
1023
1023
1023
1023
570
143
152
137
214
180
348
1023
1023
946
887
754
136
603
135
286
590
862
626
794
495
591
196
144
182
222
1007
998
888
1023
977
580
134
192
322
665
1023
1023
1023
438
272
246
580
99
130
348
483
952
1023
1023
605
86
125
167
119
395
532
1023
1023
1023
1023
233
281
339
428
984
1023
1023
1023
516
509
139
139
386
271
1023
1023
846
609
741
446
311
331
166
355
1023
1023
1023
386
351
210
134
567
437
921
1023
1003
985
666
489
244
169
100
271
1000
1023
1023
1023
470
325
210
381
575
336
756
1000
1023
834
553
100
596
316
97
404
1023
1023
768
581
390
159
609
197
332
938
1023
1023
1023
1023
102
464
423
492
418
946
1023
1023
684
267
331
348
333
194
256
1023
1023
1023
595
235
132
264
181
848
294
944
1023
677
637
377
437
382
130
1021
861
678
1023
1023
685
196
159
134
375
586
1023
1023
1023
750
185
111
126
328
188
445
449
1023
1023
988
212
141
209
260
145
339
1023
1023
986
915
590
158
253
362
224
582
944
1023
1023
618
597
123
193
208
513
1023
1023
1023
648
605
173
145
200
271
449
1023
1023
1023
660
499
421
154
280
508
602
1023
1023
1023
638
176
241
303
292
366
645
996
973
927
627
1023
395
249
244
352
958
1023
1023
1023
469
211
198
140
543
670
807
1023
1023
578
418
289
124
146
73
284
992
1023
1023
1023
493
436
418
293
508
595
1023
1023
1023
1023
228
143
270
113
407
948
874
801
827
704
1003
472
187
126
198
766
1023
1023
631
414
447
369
122
484
464
1023
970
1023
740
269
546
132
200
92
660
1023
1023
1023
778
366
221
450
221
232
692
1023
1023
1023
578
531
410
162
645
911
1023
1023
1023
1023
396
134
565
400
520
684
992
1023
766
571
827
646
144
925
1023
540
980
1023
1023
656
97
104
113
459
447
319
1023
1023
1023
396
237
269
749
379
142
785
1023
1023
1023
494
424
129
353
570
336
1023
1023
1023
1023
140
83
127
152
829
615
1023
1023
