261
539
1023
1023
876
701
309
67
137
321
460
449
1023
916
1023
912
150
298
291
80
166
759
1023
1023
938
510
167
158
268
163
667
1023
1023
1023
1023
1023
104
636
429
462
987
442
849
1023
1023
1023
243
172
479
613
910
1023
901
849
742
325
111
144
116
246
903
1023
1023
563
923
132
283
132
199
260
787
1023
1023
714
656
313
257
144
157
431
684
774
1023
730
504
704
162
407
297
587
1023
1023
1023
567
543
69
219
700
207
767
1023
914
970
534
85
119
426
187
288
769
1009
1023
950
421
351
222
140
555
580
447
1023
1023
1023
150
128
223
119
223
494
1020
1023
949
740
354
109
330
93
145
1023
985
789
759
743
254
111
164
442
112
638
904
1023
1023
664
545
112
176
328
469
880
1023
1023
1023
394
274
168
230
523
524
964
1023
1023
824
263
87
264
726
444
456
783
889
1023
672
142
218
124
188
114
742
613
1023
1023
718
335
196
297
150
107
1023
1023
1023
911
861
671
592
138
475
453
1023
1023
859
1023
1023
212
552
297
101
473
1023
473
1023
970
534
423
176
113
345
832
1023
1023
869
913
557
222
350
232
245
872
1023
1023
858
953
181
356
218
158
346
1023
519
1023
1023
161
73
430
194
221
448
1023
1023
887
514
252
136
143
496
205
464
1023
1023
1023
1023
933
296
363
322
364
592
1023
1023
857
360
509
166
377
85
249
821
1023
1023
936
217
155
209
108
132
666
672
862
934
979
98
538
180
205
385
337
1023
1023
1023
826
84
136
428
469
389
404
748
1023
1023
939
293
301
146
625
717
795
1023
1023
880
555
821
458
111
109
191
850
1023
1023
1023
974
316
249
154
346
359
794
1023
1023
1023
759
515
294
135
814
1023
1023
1023
1023
692
165
124
208
126
382
1023
1023
1023
713
290
183
196
129
92
177
892
1023
1023
873
163
737
496
676
651
513
888
1023
1023
955
629
341
136
116
1023
784
899
1023
1023
592
128
127
167
92
531
485
714
1023
626
540
655
268
182
284
129
444
962
1023
849
213
262
117
115
365
662
1023
1023
1023
941
282
105
518
195
147
795
1023
1023
1023
945
655
173
215
340
299
926
1023
1023
1023
1023
116
309
264
382
258
1022
1023
1023
1023
1023
1023
243
292
419
442
1023
1023
1023
484
457
447
451
97
108
292
1023
1023
958
684
166
221
131
656
284
860
984
1023
646
557
477
99
274
801
285
578
1023
1023
932
380
522
123
312
617
663
1008
1023
1023
502
164
179
138
121
502
820
1010
1023
1023
800
406
89
433
498
598
828
923
1023
839
424
294
139
427
563
99
445
1023
992
896
328
263
198
166
228
325
422
961
1023
1023
130
195
342
117
791
831
1023
612
635
550
823
129
206
288
293
323
728
1023
1023
516
137
128
200
145
229
750
851
744
695
930
617
121
136
65
202
1023
1023
1023
863
622
230
120
225
191
561
1023
1023
720
1023
382
293
196
421
134
951
1023
1023
1023
949
701
394
176
79
523
809
981
1023
899
531
630
179
460
333
188
562
1023
1023
1018
640
99
305
158
721
621
921
1023
1023
920
474
121
126
282
881
769
1023
1023
1023
860
158
448
345
525
438
685
1023
1023
945
618
77
162
169
503
377
868
1023
1023
856
380
149
484
627
312
245
792
1023
916
702
596
286
102
199
677
606
1023
1023
1023
515
127
441
471
113
140
523
1023
968
960
731
556
364
245
230
509
960
1023
1023
1023
462
218
161
775
126
270
779
1023
1023
773
428
93
311
405
394
702
1018
1023
568
579
116
113
167
108
132
391
1023
1023
1023
1004
385
107
405
562
375
621
1023
1023
928
919
815
100
587
605
634
1023
1023
379
899
352
275
202
126
96
687
1023
1023
1023
581
554
318
223
252
282
535
1023
891
1023
1023
99
172
184
117
201
816
1023
1023
671
783
286
147
449
405
273
813
1023
1023
808
545
715
200
219
548
544
1023
1023
963
689
163
87
184
99
589
865
875
1023
1023
374
941
452
841
409
368
885
1023
1023
802
976
191
127
365
442
431
561
749
1023
720
474
590
328
801
92
691
1023
1023
1023
932
579
109
226
81
447
516
1023
1023
992
847
365
110
267
133
219
509
1023
1023
685
473
362
147
268
177
300
1023
1023
474
629
832
488
133
146
282
322
811
1023
1023
856
320
238
135
189
76
390
985
1023
1023
856
451
123
238
360
350
646
1023
1023
1023
465
108
154
343
225
361
580
871
1023
1023
789
205
131
124
81
467
1023
1023
1023
868
493
193
220
394
199
312
1023
1023
1023
791
510
245
175
320
319
604
1023
1023
893
855
469
107
152
216
465
512
946
1023
1023
934
463
144
343
214
606
1023
1023
1023
759
762
385
173
135
76
320
933
1023
1023
1023
1011
778
130
157
334
791
1023
1023
1023
1020
339
115
311
146
119
620
1023
1023
988
602
221
123
156
458
639
611
1023
1023
718
372
209
126
236
419
333
1023
1023
970
751
400
133
168
110
374
975
1023
1023
1023
624
396
100
199
283
398
646
1023
1023
980
570
326
304
112
277
325
874
1023
1023
1023
615
216
112
224
370
302
853
1023
1023
864
405
185
132
165
321
413
1023
1023
1023
891
492
351
139
260
504
727
1023
1023
1023
913
434
105
369
419
137
1023
1023
1023
607
409
228
127
152
253
462
939
1023
1023
816
418
129
131
218
296
555
973
1023
1023
824
437
155
162
171
478
747
980
1023
1023
660
317
127
154
250
368
858
1023
1023
1023
648
238
180
110
262
435
1023
1023
1023
858
514
253
175
387
381
466
1023
1023
932
682
379
116
143
212
297
581
1023
1023
993
692
341
121
200
200
406
910
1023
1023
882
650
279
114
215
258
374
942
1023
1023
987
480
124
118
242
344
439
978
1023
1023
893
431
188
123
171
253
485
1023
1023
978
802
388
150
165
356
492
834
1023
1023
898
365
96
269
124
93
436
908
1023
1023
899
560
76
136
136
167
235
914
1023
1023
936
546
221
134
178
415
463
950
1023
1023
515
246
132
144
221
342
691
1023
1023
1023
661
338
113
171
218
314
819
1023
1023
946
523
220
115
199
313
399
1023
1023
1023
884
447
162
133
177
288
468
1008
1023
1023
894
367
135
140
180
374
674
1023
1023
1023
703
265
139
133
119
290
853
1023
1023
1012
588
241
136
145
262
495
1023
1023
1023
868
438
209
115
167
269
469
1023
1023
1023
729
481
191
151
235
328
684
1023
1023
1023
719
327
140
159
210
304
745
1023
1023
850
594
253
128
205
213
210
747
1023
1023
942
597
241
169
247
293
397
980
1023
1023
804
401
111
186
294
516
639
970
1023
1023
710
173
130
191
546
321
564
1023
1023
1016
579
274
105
241
168
321
895
1023
1023
925
530
176
156
144
87
295
1023
1023
1023
822
309
245
173
311
353
532
1023
1023
1023
740
349
105
138
234
314
605
1023
1023
855
546
243
223
137
198
395
902
1023
1023
921
489
474
163
305
119
203
1023
1023
1023
928
454
283
216
305
395
550
1023
1023
1023
747
386
159
138
145
395
716
1023
1023
1002
618
254
101
187
350
333
897
1023
1023
902
449
148
126
152
246
362
906
1023
1023
913
465
144
140
124
202
425
1023
1023
1023
830
570
162
153
142
520
501
832
1023
1023
942
436
155
162
206
445
939
1023
1023
1023
533
240
133
192
201
292
946
1023
1023
913
559
260
115
237
304
523
1023
1023
1023
895
99
98
138
314
250
446
1023
1023
1023
765
394
138
181
255
314
737
1023
1023
1019
636
300
123
182
328
452
914
1023
1023
916
491
160
150
230
344
384
1023
1023
1023
1016
374
259
169
375
567
695
1023
1023
1023
689
416
159
144
211
336
733
1023
1023
1023
677
427
280
271
449
344
776
1023
1023
924
522
162
157
269
375
479
924
1023
1023
885
372
116
168
286
354
467
1023
1023
1023
746
288
108
169
294
149
587
1023
1023
1023
626
436
191
148
185
434
967
1023
1023
946
535
128
174
144
163
413
994
1023
1023
815
400
204
113
253
357
487
1023
1023
1023
762
328
117
162
240
312
661
1023
1023
1023
787
245
118
145
178
593
806
1023
1023
920
588
302
140
176
308
423
970
1023
1023
748
424
194
141
148
311
416
960
1023
1023
945
413
84
172
229
360
700
1023
1023
1023
716
310
110
140
282
453
752
1023
1023
1019
570
242
116
247
284
416
954
1023
1023
840
478
288
126
162
268
368
926
1023
1018
868
287
79
158
91
161
423
1023
1023
1023
657
296
140
125
133
337
774
1023
1023
984
607
285
119
168
259
533
951
1023
1023
882
518
105
150
136
198
395
882
1023
1023
792
410
117
168
158
393
689
987
1023
1023
629
124
106
180
196
204
712
1023
1023
990
612
275
128
205
275
225
934
1023
1023
1023
511
171
121
192
299
349
905
1023
1023
839
387
101
151
147
337
380
970
1023
1010
697
427
187
148
125
284
662
1023
1023
958
594
275
104
225
239
305
782
1023
1023
902
648
260
153
280
252
236
859
1023
1023
969
487
189
136
205
275
525
1023
1023
1023
828
385
152
135
163
313
575
1023
1023
998
651
253
105
215
286
222
658
1023
1023
798
355
80
192
206
310
426
797
1023
1023
887
479
194
122
204
351
433
1023
1023
1023
903
739
148
330
242
291
573
1023
1023
1023
661
321
110
194
216
338
750
1023
1023
1001
557
270
119
193
228
312
870
1023
1023
843
646
200
148
226
302
418
1023
1023
1023
782
354
127
143
195
334
505
992
1023
1023
644
246
83
237
403
448
752
1023
905
749
616
279
110
159
167
330
769
1023
1023
889
569
307
123
239
400
424
1002
1023
1023
853
239
87
169
220
274
506
980
1023
978
799
377
98
190
180
270
695
1023
1023
1023
672
242
126
177
270
325
770
1023
1023
856
561
304
131
232
320
350
872
1023
1023
807
384
167
188
213
269
439
991
1023
993
752
374
273
