1023
1023
1023
1023
485
486
389
216
360
260
980
1023
1023
1023
935
300
158
222
498
461
1023
1023
1023
453
169
236
148
267
99
694
1023
1023
1023
1023
972
383
918
685
301
831
1023
1023
1023
160
448
153
111
548
475
1023
1023
1023
1023
642
381
117
178
449
877
1023
1023
1023
668
886
287
261
150
256
696
1023
1023
1023
1023
796
240
220
361
585
1023
1023
1023
1023
988
523
177
523
130
176
1023
1023
1023
1023
935
474
176
128
460
763
1023
1023
1023
1023
592
120
166
515
405
409
1023
1023
1023
672
67
99
139
166
438
904
1023
1023
1023
728
393
137
112
214
429
1023
1023
1023
925
765
529
116
187
651
1023
1023
823
1023
1023
788
137
498
280
458
454
1023
1023
1023
1023
598
257
486
100
216
1023
1023
1023
1023
596
459
261
160
285
379
1022
1023
1023
1023
927
378
151
93
89
377
1023
1023
1023
1023
854
386
132
144
380
567
1023
1023
1023
787
287
795
449
919
772
931
1023
1023
1023
501
94
436
784
432
90
693
1023
1023
1023
958
523
401
133
440
677
1023
1023
1023
1023
719
303
183
131
252
1010
1023
1023
1023
1023
529
149
196
437
442
1023
1023
1023
944
970
822
221
226
346
779
1023
1023
1023
1023
965
763
166
649
418
627
1023
1023
1023
1023
1023
351
133
667
851
514
1023
1023
1023
890
495
414
176
451
137
819
1023
1023
1023
1023
733
279
272
410
277
765
1023
1023
967
694
617
149
322
79
205
1023
1023
1023
1023
521
234
349
326
511
527
1017
1023
1023
1023
574
105
142
230
199
715
1023
1023
1023
818
242
238
357
421
376
801
1023
1023
1023
887
223
141
273
567
173
705
1023
1023
1023
1023
320
156
204
846
898
1023
1023
1023
1023
738
276
229
414
633
915
1023
1023
1023
872
206
196
180
118
334
1004
1023
1023
1023
1023
349
133
118
200
798
1023
1023
1023
1023
601
61
164
348
387
463
1023
1023
1023
1023
1023
431
354
356
529
822
1023
1023
1023
604
571
445
817
365
330
824
1023
1023
1023
757
518
317
119
435
765
1023
1023
1023
870
728
285
174
207
392
556
1023
1023
1023
974
405
111
192
208
288
493
1023
1023
1023
796
150
411
376
437
368
1023
1023
1023
1023
1023
760
446
232
469
662
1023
1023
1023
1023
1023
1023
728
403
710
1000
1023
1023
1023
1023
772
105
108
435
753
801
1023
1023
1023
611
94
335
125
258
193
490
1023
1023
1023
1023
731
370
172
337
439
1023
1023
1023
1023
1023
150
286
208
364
349
1023
1023
1023
1023
435
382
109
111
530
731
1023
1023
1023
1023
561
123
324
339
441
756
1023
1023
1023
720
91
94
161
405
130
983
1023
1023
1023
661
577
97
119
206
391
1023
1023
1023
960
822
455
137
205
528
212
1023
1023
1023
1023
388
150
190
349
345
708
1023
1023
1023
881
529
198
155
363
399
525
1023
1023
1023
897
496
116
172
210
191
969
1023
1023
1023
812
123
153
286
317
384
1023
1023
1023
988
478
272
355
148
931
915
1023
1023
1023
1023
732
374
141
511
415
1023
1023
1023
784
643
643
111
146
107
438
1023
1023
1023
1023
1023
131
442
568
211
321
1023
1023
1023
1023
663
298
368
220
257
634
1023
1023
1023
1023
299
186
573
348
179
773
1023
1023
1023
984
775
149
297
693
735
1023
1023
1023
1023
1023
545
205
302
460
476
1023
1023
1023
1023
588
334
143
233
373
702
645
1023
1023
961
599
405
97
223
730
1023
1023
957
1023
871
443
88
119
284
424
1023
1023
960
1023
806
235
110
144
64
231
1023
1023
1023
1023
729
381
121
103
535
920
1023
1023
1023
1023
323
397
225
441
164
610
1023
1023
1023
1023
523
206
271
458
796
674
1023
1023
1023
1023
213
106
660
284
169
1023
1023
1023
995
742
543
334
314
329
629
1023
1023
1023
763
282
68
249
426
181
765
1023
1023
1023
1003
401
247
177
492
429
723
1023
1023
1023
857
572
225
187
172
320
1023
1023
1023
1023
1023
387
158
459
1023
751
1023
1023
1023
1023
686
194
109
214
843
538
1023
1023
1023
1023
238
310
557
618
481
680
1023
905
1023
1023
556
105
187
91
186
798
1023
1023
1023
630
111
110
129
240
464
1023
1023
1023
680
276
75
188
281
387
416
1023
1023
1023
887
747
413
101
126
264
781
1023
1023
1023
557
102
443
119
626
489
691
1023
1023
1023
909
472
153
121
290
427
889
1023
1023
1023
657
67
345
364
527
437
1023
1023
1023
1023
733
282
132
720
920
1023
1023
1023
1023
849
513
253
310
656
900
1023
1023
1023
1023
736
73
110
102
296
506
1023
1023
1023
1023
460
484
166
142
121
227
1023
1023
1023
1023
738
308
127
321
538
367
1023
1023
1023
949
1001
250
287
241
415
739
1023
1023
1023
870
397
379
254
169
251
909
1023
1023
1023
1023
509
280
445
667
824
1023
1023
1023
1023
471
430
286
248
616
825
1023
1023
1023
1023
574
213
227
203
153
534
1023
1023
1023
1023
547
290
142
249
687
1023
1023
1023
1023
812
232
153
464
570
638
1023
1023
1023
884
287
70
537
136
72
425
1023
1023
1023
845
153
95
144
119
229
636
1023
1023
1023
947
437
283
164
445
598
1010
1023
1023
1023
644
620
190
192
404
794
1023
1023
1023
835
303
225
141
120
392
304
1023
1023
1023
1023
615
568
270
230
832
1023
1023
1023
1023
703
211
75
168
170
344
712
1023
1023
1023
807
482
93
130
224
847
1023
1023
1023
1023
578
191
158
253
395
337
1023
1023
1023
889
796
426
224
612
554
546
1023
1023
1023
829
651
610
293
295
320
767
1023
1023
1023
1023
766
234
212
439
544
1023
1023
1023
1023
742
554
170
102
138
506
1023
1023
1023
1023
1023
101
275
541
730
974
1023
1023
1023
1023
1023
157
1023
560
235
752
1023
1023
1023
551
145
131
223
500
634
1023
1023
1023
1023
769
191
319
612
523
403
1023
1023
1023
1023
421
94
310
582
699
673
1023
1023
927
1023
665
105
220
305
114
550
1023
1023
1023
1023
568
204
262
238
312
999
1023
1023
1023
1023
438
108
270
701
765
837
1023
1023
602
683
848
628
130
494
582
1023
1023
1023
886
863
387
240
338
704
563
1023
1023
1023
852
347
537
283
808
437
1023
1023
1023
1023
521
77
126
162
187
563
1023
1023
1023
1007
1023
424
219
265
542
648
1023
1023
1023
1014
638
256
231
274
137
485
1023
1023
1023
1023
1023
166
123
371
666
1023
1023
1023
1023
380
143
108
269
220
296
1023
1023
1023
1023
776
158
383
244
552
414
1023
1023
1023
1023
276
182
100
127
119
360
1023
1023
1023
1023
735
347
352
576
977
1023
1023
1023
1023
635
71
444
136
67
374
1023
1023
1023
1023
660
177
118
158
108
529
1023
1023
1023
1012
335
549
126
776
640
585
1023
1023
1023
698
322
184
139
138
609
824
1023
1023
1023
734
413
90
136
537
428
688
1023
1023
1023
689
229
116
95
404
558
582
1023
1023
1023
674
368
177
109
347
483
1023
1023
1023
1023
1006
187
147
477
579
822
1023
1023
1023
596
934
424
157
825
1023
892
1023
1023
1023
699
526
119
409
656
734
1023
1023
1023
1023
863
224
607
516
62
419
1023
1023
1023
836
494
120
103
78
211
860
1023
1023
1023
903
573
188
180
161
700
1018
1023
1023
1023
1023
514
201
497
502
347
905
1023
1023
1023
469
214
193
354
738
451
1023
1023
1023
1023
536
94
177
532
502
684
1023
1023
1023
1023
397
380
671
452
514
1023
1023
1023
1023
439
181
104
137
128
163
873
1023
1023
1023
673
194
109
110
117
530
1023
1023
1023
1023
537
230
171
217
207
469
1023
1023
1023
1023
405
145
163
466
528
560
1023
1023
1023
875
179
100
211
397
695
1023
963
1023
1023
441
122
161
116
113
741
1023
1023
1023
1023
763
638
162
165
590
905
1023
1023
1023
1023
675
239
416
493
461
622
1023
1023
1023
674
400
99
245
114
79
436
1023
1023
1023
1018
256
101
359
276
376
1023
1023
1023
1003
328
327
181
237
545
359
1023
1023
1023
960
641
342
284
418
657
911
1023
1023
1023
1023
736
96
149
489
580
949
1023
1023
1023
955
879
346
431
582
778
1023
1023
1023
1023
882
112
452
112
627
345
1023
1023
1023
984
589
123
120
79
192
430
1023
1023
1023
745
511
534
295
428
417
928
1023
1023
1023
963
283
193
176
454
450
753
1023
1023
1023
662
219
100
127
281
513
1023
1023
1023
1023
601
144
123
102
1023
216
701
1023
1023
1023
420
345
237
691
338
456
1023
1023
1023
1023
462
93
207
390
400
883
1023
1023
1023
1016
670
174
453
606
909
1023
1023
1023
1023
163
61
176
244
120
440
1023
1023
1023
894
636
347
164
196
726
1023
1023
1023
1023
1023
748
208
647
355
969
953
1023
1023
1023
593
229
500
223
787
681
1023
1023
1023
973
630
211
155
186
235
674
1023
1023
1023
1023
472
317
336
258
440
474
1023
1023
1023
619
198
85
154
116
315
1023
1023
1023
1023
883
299
133
267
656
473
985
1023
1023
1023
956
478
126
257
244
484
1023
1023
1023
1023
379
127
201
208
421
503
1023
1023
1023
1023
591
285
307
366
545
662
1023
1023
1023
593
331
435
316
953
397
803
1023
1023
1023
917
121
310
326
496
520
1023
1023
1023
957
528
295
103
128
524
701
1023
1023
1023
978
490
312
111
176
275
884
1023
1023
1023
974
274
96
315
334
528
1023
1023
1023
1023
736
759
287
294
63
175
1023
1023
1023
1011
144
110
94
106
66
339
1023
1023
1023
904
297
87
147
110
102
448
1023
1023
1023
1020
500
239
271
626
318
635
1023
1023
1023
753
385
222
114
142
318
1023
1023
1023
1023
559
458
140
566
607
859
1023
1023
1023
1023
859
86
117
207
689
749
1023
1023
1023
1017
653
177
353
930
890
1023
1023
1023
789
679
287
218
422
481
509
1023
1023
1023
1023
711
81
121
379
405
506
1023
1023
1023
1023
724
112
246
315
445
1023
1023
1023
1023
606
858
319
203
186
196
833
1023
1023
1023
998
87
334
350
551
652
1023
1023
1023
1023
852
257
125
130
486
750
1023
1023
1023
1019
206
79
150
146
