303
436
584
1023
1023
1023
1023
768
267
137
295
511
614
1023
1023
1023
1023
642
197
163
326
514
759
1023
1023
1023
1023
544
132
209
380
554
1023
1023
1023
1023
836
436
111
224
365
589
1023
1023
1023
1023
799
314
120
320
470
638
1023
1023
1023
1023
580
211
153
335
500
712
1023
1023
1023
1023
510
146
189
375
547
1023
1023
1023
1023
889
327
109
251
413
566
1023
1023
1023
1023
791
285
106
250
495
641
1023
1023
1023
1023
661
208
169
309
497
654
1023
1023
1023
1023
564
143
219
377
625
1023
1023
1023
1023
757
328
106
257
397
548
1023
1023
1023
1023
799
316
116
285
496
634
1023
1023
1023
1023
658
228
140
277
504
613
1023
1023
1023
1023
602
162
181
344
534
947
1023
1023
1023
989
451
74
288
451
526
958
1023
1023
1023
660
288
122
303
632
816
1023
1023
1023
1023
918
88
176
290
445
596
1023
1023
1023
999
563
120
144
511
656
1023
1023
1023
1023
1023
1023
388
117
95
167
929
1023
1023
1023
1023
1023
923
545
279
211
1023
1023
1023
1023
830
364
282
273
921
1023
1023
1023
1023
1023
462
64
232
122
797
1023
1023
1023
1023
1023
1014
735
196
655
974
1023
1023
1023
1023
1001
845
123
129
281
609
1023
1023
1023
1023
1023
306
341
838
585
485
1023
1023
1023
1023
151
1023
367
412
664
409
1023
1023
1023
1023
689
114
386
161
497
664
1023
1023
1023
1023
401
219
392
508
1002
1023
1023
1023
1023
906
1001
532
314
145
1023
1023
1023
1023
1023
943
552
141
811
1023
203
1023
1023
1023
1023
769
863
332
146
508
1023
1023
1023
1023
1023
824
864
349
150
1023
1023
1023
1023
1023
982
351
122
357
528
212
641
1023
1023
1023
940
187
200
107
175
239
504
1023
996
1023
760
1023
865
129
240
574
1023
1023
1023
845
1023
262
882
528
446
567
1023
1023
1015
305
263
124
252
1023
746
613
1023
1023
1023
658
182
556
186
386
615
1023
1023
1023
541
319
267
221
119
508
703
1023
1023
1023
1023
324
329
214
134
132
1023
1023
1023
1023
1023
730
571
165
508
228
1023
1023
820
1023
1023
376
506
221
886
166
1023
1023
1023
688
500
703
213
102
496
555
1023
1023
1023
1023
782
571
1023
684
508
684
1023
1023
1023
960
514
145
118
766
1023
1023
1023
1023
1023
706
63
129
140
565
894
1023
1023
1023
1023
429
101
377
687
492
939
1023
1023
1023
1023
928
323
334
797
575
1023
1023
1023
872
1023
1023
373
161
91
110
844
1023
1023
1023
1023
741
231
562
544
698
1023
1023
1023
1023
424
420
319
112
391
208
1023
1023
1023
1023
633
276
212
236
456
519
1023
1023
1023
835
95
142
283
216
294
774
1023
1023
1023
918
403
470
778
779
340
742
1023
1023
1023
807
704
150
799
623
608
1023
1023
1023
1023
960
103
369
372
739
923
1023
1023
1023
1023
500
453
317
360
270
1023
1023
1023
1023
1023
951
304
690
544
138
1023
1023
1023
1023
693
686
525
466
644
151
1023
1023
1023
854
748
350
348
138
148
809
1023
1023
1023
1023
101
82
113
180
314
637
1023
1023
1023
1023
373
896
1013
141
773
1023
1023
1023
1023
1023
124
241
237
81
130
1023
1023
1023
916
657
109
496
462
91
223
962
1023
1023
1023
1023
116
666
107
590
1023
1023
1023
1023
511
688
585
285
434
943
1023
1023
1023
1020
1023
99
302
134
546
978
1023
1023
1023
1023
983
464
619
119
548
873
1023
1023
1023
816
475
486
202
537
578
787
1023
1023
1023
1023
1023
637
756
749
435
609
1023
1023
1023
624
641
542
492
180
1023
1023
1023
1023
1023
735
417
149
542
681
308
1023
1023
1023
1023
726
371
131
108
972
1023
1023
1023
1023
969
925
123
550
440
547
1023
1023
1023
1023
774
453
369
335
472
92
1023
1023
1023
1023
834
128
337
229
543
886
1023
1023
1023
830
838
725
126
157
630
1023
1023
1023
1023
1023
641
161
222
353
161
753
1023
1023
1023
1023
553
207
185
331
235
640
1023
1023
1023
1013
914
725
634
90
227
1023
1023
1023
1023
1023
828
133
674
1023
937
1023
1023
1023
1023
316
320
704
1023
187
733
1023
1023
761
876
890
183
442
158
114
1023
1023
1023
1023
654
578
360
162
319
748
1023
1023
1023
1023
877
142
130
191
1023
784
1023
1023
1023
1023
952
470
126
233
589
1023
1023
1023
1023
580
1023
767
358
295
934
1023
1023
1023
1023
984
753
563
149
634
999
1023
1023
1023
1010
1007
113
222
174
116
630
1023
1023
1023
1023
1023
875
226
729
426
699
1023
1023
1023
670
105
65
473
117
1003
1023
1023
1023
1023
751
712
273
111
343
515
1023
1023
1023
1023
891
574
187
540
74
427
1023
1023
1023
1023
1023
1008
296
467
628
764
1023
1023
1023
1023
435
112
161
152
539
902
1023
1023
1023
1023
711
186
166
511
647
1023
1023
1023
839
659
539
118
228
116
513
1023
1023
1023
1023
415
524
216
410
527
419
1023
1023
1023
946
1023
626
378
525
551
1023
1023
1023
1023
1023
439
120
144
205
435
1023
1023
1023
917
453
317
149
132
255
860
1023
