504
876
894
590
431
112
130
835
471
897
1023
1023
1023
296
624
677
616
417
135
474
1023
1023
1023
135
214
372
937
610
591
1023
1023
1023
942
832
160
259
89
349
878
1023
1023
1023
1023
785
209
150
289
383
615
1023
1023
833
749
63
371
182
253
648
1023
1023
1023
685
270
371
107
283
598
275
1023
1023
717
385
111
465
657
108
461
303
694
1023
1023
444
818
800
618
467
243
691
1023
1023
1023
380
329
298
339
478
473
574
782
838
899
688
86
367
186
339
333
1023
1023
1023
1023
349
422
364
478
395
636
1023
1023
1023
755
791
1023
112
185
147
832
1023
1023
954
767
332
480
296
123
109
941
1023
1023
990
718
178
100
101
358
424
1023
1023
1023
874
545
122
141
138
480
488
866
1023
1023
1023
821
457
339
138
505
1023
1023
1023
1006
740
104
229
308
68
355
1023
1023
1023
1023
1023
340
210
178
712
659
1023
1023
1023
1023
623
224
446
456
330
585
1023
1023
1023
542
417
83
154
186
659
889
758
1023
1023
925
853
147
858
92
97
554
810
1023
1023
632
290
228
133
205
181
1023
1023
1023
535
267
211
104
98
205
199
992
1023
1023
898
147
255
156
182
109
424
821
1023
1023
850
283
188
262
510
429
568
1023
1023
1022
583
562
351
263
557
339
632
1023
1023
1023
1023
1023
139
820
879
1023
1023
1023
1023
519
271
625
133
427
633
438
724
940
1023
1023
311
67
266
171
721
778
1023
1023
1023
549
212
373
342
206
387
541
1023
1023
733
337
93
248
290
314
315
1004
1023
1023
730
500
293
196
114
539
979
1023
1023
1023
617
259
89
106
335
474
546
1023
1023
1023
694
560
256
184
422
403
1023
1023
1023
746
304
421
250
97
208
493
721
1023
1023
1023
644
776
209
925
910
962
1023
1023
1023
492
316
215
376
334
216
996
1023
1023
1023
693
1018
182
407
687
417
677
1023
1023
779
638
161
240
551
180
361
669
1023
1023
1023
795
405
295
178
282
740
1023
1023
1023
1023
824
355
196
435
403
652
1023
1023
1023
814
374
64
160
94
76
1023
1023
1023
1023
544
545
255
130
85
516
687
1023
1023
1002
606
428
549
100
615
594
803
1023
1023
1023
1023
140
283
382
405
590
1023
1023
1023
684
381
264
300
123
578
1023
1023
990
932
575
505
82
449
346
664
843
1023
1023
1023
318
85
157
147
297
610
1005
1023
1023
1023
767
360
606
432
119
216
1023
1023
1023
1023
598
87
365
385
542
829
1023
1023
925
751
160
74
250
82
90
905
1023
1023
1023
859
430
273
384
488
659
1023
1023
1023
984
711
66
367
335
234
326
993
1023
1023
1023
591
101
90
805
467
302
1023
1023
1023
546
1023
118
683
469
227
822
1023
1023
1023
1022
297
269
377
223
272
839
1023
1023
1023
341
442
127
363
619
480
1023
1023
1023
1023
491
76
233
401
522
690
1023
1023
1023
671
82
82
136
179
117
1023
1023
1023
1008
822
492
101
495
496
90
725
1023
1023
1023
762
277
195
331
339
206
1023
1023
1023
1023
844
184
524
568
69
264
891
1023
1023
1023
840
387
116
196
369
891
1023
1023
1023
1007
340
211
580
599
358
910
1023
765
515
310
393
109
318
352
223
708
970
635
880
708
517
311
92
345
507
1023
1023
1023
844
335
64
351
100
143
473
1023
1023
1023
590
379
81
562
114
400
1023
1023
1023
1023
680
124
122
204
241
740
1023
1023
1023
1023
484
240
114
172
373
327
1023
1023
958
733
831
818
131
355
423
626
1023
1023
1023
574
553
146
107
69
345
453
1023
1023
1023
720
104
346
667
209
126
918
724
901
736
625
433
294
398
91
427
1023
1023
1023
827
1023
292
164
125
262
636
1023
1023
1023
909
455
85
136
407
581
654
1023
928
1023
1023
422
131
309
286
307
1023
1023
1023
654
319
130
143
235
63
239
874
1023
1023
992
305
264
117
830
336
527
1023
1023
814
436
769
336
133
119
380
883
1023
1023
1023
649
261
216
126
347
598
1023
1023
1023
971
326
95
145
98
84
100
698
1023
1023
1023
786
353
200
129
283
299
1023
1023
1023
1023
655
136
579
86
157
256
1023
1023
1023
585
304
345
186
329
414
782
1023
1023
1023
822
603
109
254
828
833
989
1023
898
529
168
252
96
405
147
196
1023
1023
1023
729
389
143
258
112
241
441
1023
889
819
1023
766
71
113
248
635
898
1023
1023
1023
628
331
105
333
58
178
1023
1023
1023
1023
738
106
316
208
561
941
1023
1023
1023
692
569
290
329
375
224
383
893
992
1023
559
649
710
461
105
560
1023
1023
1023
816
474
159
132
360
95
257
885
1023
1023
1023
418
268
345
354
712
468
1023
1023
1023
607
501
108
106
97
373
258
1023
1023
1023
994
479
399
211
154
459
881
1023
1023
1023
1023
244
113
183
79
154
1012
1023
1023
964
605
104
198
243
195
102
673
1023
1023
1023
845
486
242
701
606
561
1023
1023
1023
848
238
56
265
297
310
745
1023
1023
1023
1023
639
171
129
324
469
1016
1023
1023
750
481
177
122
199
135
367
999
997
1023
1023
132
413
411
101
242
381
1023
1023
1023
1023
912
175
144
378
455
451
1023
1023
1023
757
552
82
313
235
505
594
1023
1023
1023
883
456
213
130
374
493
1023
1023
1023
868
737
174
95
158
68
733
963
862
1023
923
343
849
217
651
194
385
1023
1023
1023
610
174
157
108
283
402
731
902
1023
1023
800
316
168
446
343
431
908
959
1023
722
322
521
170
96
203
449
1023
1023
1023
466
205
49
134
353
254
279
1023
1023
1023
822
289
79
484
559
382
786
1023
1023
1023
559
218
152
167
192
1023
1023
1023
1023
1023
912
127
694
107
62
176
627
1023
1023
799
362
437
282
93
87
240
1023
1023
1023
623
629
726
178
411
610
870
1023
1023
757
545
120
288
161
654
699
609
908
1023
922
641
370
97
114
260
240
807
1023
1023
1023
600
73
300
736
266
218
1023
1023
1023
914
508
263
232
272
95
693
1023
1023
1023
801
160
73
287
134
161
896
1023
1023
1001
497
257
503
116
95
169
1023
1023
1023
1023
888
302
161
133
548
684
1023
1023
1023
998
416
52
162
334
721
864
1023
1023
1023
796
136
83
398
116
147
903
1023
1023
1022
424
174
93
195
149
253
839
1023
1023
985
860
530
709
298
613
508
1023
1023
1023
608
517
534
267
126
663
808
1023
1023
1023
1023
268
343
251
299
401
841
1023
1023
1023
859
333
101
103
88
316
750
1023
1023
887
506
130
293
158
626
788
1023
870
1023
1023
569
64
169
174
388
641
1023
1023
1023
996
635
70
317
347
234
964
1023
1023
1023
580
87
82
367
322
202
868
1023
1023
891
569
228
341
99
295
779
1023
1023
1023
926
659
543
98
278
205
392
1023
1023
1023
1023
450
143
118
325
572
766
1023
1023
1023
601
139
103
112
69
238
735
1023
1023
872
895
301
115
129
419
491
1023
1023
1023
902
460
429
181
594
376
383
1023
1023
1023
822
593
293
113
339
364
416
1023
1023
1023
752
323
154
96
190
79
545
1023
1023
1023
1000
596
110
574
695
195
1023
1023
1023
1023
716
173
179
151
198
452
865
1023
1023
888
520
120
149
311
210
246
884
1023
1023
1016
563
299
214
222
788
565
1023
1023
1008
749
391
61
143
69
380
917
1023
1023
1023
645
204
94
112
88
676
1023
1023
1007
659
787
408
134
307
288
614
1023
1023
1023
836
398
102
222
104
699
302
1023
1023
1023
1023
841
486
222
492
625
1023
1023
1023
1023
810
246
134
177
346
391
996
1023
1023
846
521
75
102
188
118
187
728
1023
1023
1023
743
325
129
197
400
828
1002
957
1023
762
443
603
97
388
231
794
1023
1023
1023
669
309
82
109
333
734
1023
1023
743
881
485
224
163
99
330
448
1023
1023
1023
656
453
91
113
252
179
316
928
1023
1023
1023
704
143
263
192
556
758
1023
1023
1023
716
316
380
159
316
633
1023
1023
1023
1023
490
53
109
125
375
590
1023
1023
838
1023
500
220
84
456
115
323
1023
1023
1023
836
282
265
207
176
553
954
1023
1023
1023
464
148
206
211
302
550
647
1023
1023
1023
455
64
168
180
308
328
818
1023
1023
1023
541
56
361
162
59
188
856
1023
1023
1023
533
252
118
141
362
663
1023
1023
1023
402
312
366
138
98
103
783
1023
1023
993
800
528
127
165
229
420
1023
1023
1023
1023
689
67
358
513
466
371
1023
1022
946
970
466
66
91
98
155
554
1023
1023
1023
803
343
287
298
121
416
938
1023
1023
949
808
347
84
182
324
201
1023
1023
1023
1023
645
244
184
158
172
582
1023
1023
1017
696
291
129
123
237
754
683
1023
1023
994
540
362
145
135
192
220
803
1023
1023
1023
654
101
203
356
270
536
790
1023
1023
1023
693
267
103
169
326
308
877
1023
1023
976
823
201
119
83
61
319
1023
1023
1023
916
620
309
104
67
123
964
1023
1023
1023
780
295
70
179
151
501
773
1023
1023
890
832
587
273
508
114
162
902
1023
1023
1023
312
375
175
100
278
484
1023
1023
1023
825
234
120
97
219
454
634
1023
1023
1023
668
258
82
208
298
74
368
1023
1023
1023
777
115
79
167
60
754
1023
1023
1023
1023
885
307
146
122
495
654
1023
1023
1023
824
634
367
84
407
97
347
1023
1023
1023
1017
380
161
103
224
435
857
1023
1023
1023
895
649
97
341
408
404
1023
1023
1023
1023
969
524
121
240
253
326
1023
1023
1023
1023
591
284
98
433
626
779
1023
1023
1023
857
290
175
106
177
582
757
1023
1023
1023
548
499
212
268
615
421
641
1023
1023
926
745
392
150
207
124
551
1023
1023
1023
1023
593
105
255
102
394
831
1023
1023
1023
864
375
92
172
439
371
837
996
1023
1023
1023
144
257
280
559
359
636
1023
1023
837
700
97
91
183
108
518
942
1023
1023
922
484
105
118
108
487
545
1023
1023
1023
818
495
89
181
331
261
334
1023
1023
565
499
558
156
135
78
