95
437
1023
1023
1023
576
214
428
405
520
731
606
318
512
176
415
498
67
309
82
193
504
1023
1023
842
436
130
53
214
507
500
357
542
555
1023
523
79
542
919
111
545
448
875
1023
1023
808
650
229
143
305
656
1023
1023
1023
1023
236
73
692
1023
959
877
1023
1023
1023
489
334
760
204
1023
1010
627
1023
1000
851
1023
345
67
421
873
163
405
1023
1023
491
320
803
161
202
360
152
402
1023
1023
1023
371
109
88
380
365
94
459
1023
1023
1023
669
503
264
96
321
984
1023
1023
1006
1023
1023
418
127
686
524
788
857
1023
1023
882
375
199
109
297
283
385
1023
1023
1023
227
225
755
264
372
468
1023
1023
1023
1023
531
308
741
703
70
1020
1023
495
699
394
81
453
166
76
121
675
1023
1023
1023
752
188
158
377
289
572
1023
1023
937
485
712
570
247
810
146
1023
828
994
1023
713
541
994
191
652
536
691
1023
1023
1023
650
168
101
288
149
188
884
1023
942
1023
779
518
262
311
67
680
534
1023
1023
1023
314
488
339
275
291
166
1023
1023
1023
768
680
568
108
170
390
772
1023
1023
1023
646
466
209
394
499
579
637
704
376
779
381
90
131
914
992
464
711
780
1023
1023
566
111
202
341
346
314
668
845
1023
963
241
89
91
400
274
137
829
737
791
1023
393
461
113
297
140
216
932
1023
829
593
550
749
638
77
580
941
1023
1023
962
1023
516
99
122
104
138
1023
1023
1023
913
546
203
224
462
431
121
1023
1023
1023
1023
269
160
103
152
513
801
1023
1023
1013
639
744
154
396
819
61
1023
1023
1023
781
375
1023
1023
459
469
802
1023
1023
1023
1023
266
63
111
112
808
1023
1023
1023
1023
1023
366
113
161
259
603
660
1023
1023
1023
662
683
370
444
216
108
699
1023
1023
1023
988
533
194
142
414
190
997
976
1023
1023
551
313
99
205
153
361
1023
1023
1023
1023
835
78
442
576
407
400
1023
1023
1023
786
157
84
214
508
397
238
672
1023
1023
328
564
1023
109
553
133
817
1023
1023
1023
834
287
174
252
174
722
808
1023
1023
976
148
58
106
138
206
144
1023
1023
1023
458
254
420
522
404
248
1023
1023
1023
1023
439
267
81
194
114
230
637
705
1023
1023
700
61
486
224
360
70
871
1023
1023
1023
1023
214
122
83
233
620
1023
1023
1023
1023
654
241
123
404
546
233
1023
1023
1023
625
90
461
340
250
573
523
1023
1023
1023
792
501
161
112
185
693
1023
1023
1023
1023
736
72
133
587
91
673
1023
1023
1023
682
918
838
222
95
408
797
1023
1023
1023
948
229
79
109
117
484
560
1023
1023
1023
920
357
90
556
494
140
1004
1023
1023
1023
1023
594
752
819
776
548
872
1023
1023
1023
737
576
215
680
113
434
1023
1023
1023
952
983
348
120
281
682
394
1023
1023
1023
694
619
234
94
133
544
951
1023
1023
1023
878
421
303
101
148
952
1011
1023
1023
1023
1004
855
187
337
279
504
1023
1023
1023
1023
948
1015
120
76
557
1023
1023
1023
1023
1023
178
202
132
348
588
939
1023
1023
1023
826
297
220
116
262
285
977
1023
1023
724
595
677
248
307
645
446
1023
1023
1023
1023
926
494
114
447
241
811
1023
1023
1023
768
132
67
85
72
408
1023
1023
1023
1023
479
321
291
110
196
85
1023
1023
1023
1023
819
409
104
189
697
934
482
1023
1023
645
532
96
171
91
334
524
986
1023
1023
891
518
521
251
90
258
1023
1023
1023
1023
1023
189
604
85
667
770
944
1023
1023
1023
898
493
271
212
267
839
1023
1023
1023
1023
730
123
208
76
149
295
1023
1023
1023
1023
461
84
293
314
567
711
1023
1023
1023
644
184
318
330
110
723
1023
1023
1023
842
637
170
288
102
324
362
658
1023
1023
588
604
350
158
300
117
296
1023
1023
1023
1023
897
151
265
220
678
796
1023
1023
1023
631
92
80
96
336
719
850
1023
1023
1023
683
370
197
446
201
593
1023
1023
1023
1023
662
84
206
343
358
115
1023
1023
1023
1023
136
309
147
161
286
214
1023
1023
1023
816
231
311
359
295
723
270
1023
1023
1023
612
134
195
607
346
215
817
1023
1023
1023
718
429
99
110
262
617
966
1023
1023
891
732
171
665
156
191
274
1016
1023
1023
788
404
249
663
292
127
696
1023
1023
1023
657
95
357
318
105
370
804
972
1023
1023
854
356
140
95
357
461
555
1023
1023
1023
1001
70
102
303
584
728
1023
1023
1023
853
356
75
161
438
404
491
1023
1023
1023
916
428
55
79
244
812
869
1015
1023
1023
873
424
215
99
425
465
1023
1023
1023
1010
630
445
290
273
423
270
1023
1023
1023
832
668
729
308
142
132
764
1023
1023
1023
965
417
70
115
488
868
762
941
1023
842
648
194
153
110
220
265
1022
1023
1023
1023
765
247
77
216
293
633
1023
1023
1023
823
375
219
282
117
329
457
1023
1023
1023
886
322
1023
195
286
455
1023
1023
1023
1023
1023
785
112
458
277
516
865
1023
1023
1023
442
203
95
116
96
434
727
863
1023
1023
739
169
130
373
66
396
1023
1023
1023
849
768
187
256
411
443
210
1023
1023
1023
1023
256
505
121
145
611
722
1023
1023
829
601
327
352
125
513
274
807
1023
1023
821
588
422
94
87
86
192
908
1023
1023
875
936
497
271
211
330
804
1023
1023
1023
651
258
255
259
208
108
636
1023
1023
1023
722
104
123
246
383
836
1023
1023
1023
932
929
378
171
354
530
730
1023
1023
1023
629
319
391
588
249
68
513
1023
1023
1023
901
71
346
429
132
79
514
1023
1023
1023
866
405
415
159
66
271
1023
1023
1023
1023
710
417
209
355
391
87
1023
1023
980
875
767
187
123
116
215
585
1023
929
1023
1023
885
147
125
106
152
538
1023
1023
1023
1023
515
119
229
370
340
931
1023
1023
1023
1023
337
147
89
133
648
1021
1023
1023
1023
706
405
387
104
112
631
1023
1023
1023
848
897
855
129
144
203
582
1023
1023
1023
1023
400
634
137
555
393
542
1023
1023
1023
744
64
94
102
304
491
977
1023
1023
1023
607
273
107
161
363
588
1023
1023
1023
882
512
208
114
153
437
523
1023
1023
1023
957
536
411
102
231
329
913
1023
1023
1023
1023
756
739
167
273
988
1023
1023
1023
575
603
258
235
297
201
374
948
1023
1023
1023
629
340
98
137
302
570
1023
1023
1023
943
364
79
390
227
656
1023
1023
1023
1023
378
77
636
147
358
528
767
1023
1023
802
600
363
104
101
168
317
991
1023
1023
1023
790
395
306
95
75
789
980
886
1023
820
633
446
115
120
408
452
1023
1023
1023
772
600
663
165
506
168
959
1023
1023
1023
696
369
89
151
44
309
847
1023
1023
1023
455
433
196
219
58
628
1023
1023
988
700
498
330
103
155
277
844
1023
1023
1023
685
471
413
102
343
658
864
1023
1023
944
473
117
223
149
71
124
519
1023
1023
1023
675
297
89
88
57
192
1023
1023
1023
1023
411
171
283
488
691
475
1023
1023
1023
847
379
72
355
101
426
1023
1023
1023
1023
495
128
78
191
70
687
1023
1023
1023
936
171
86
94
96
142
721
969
1023
1023
1023
722
584
129
396
558
680
1023
1023
1023
697
301
70
99
166
452
873
1023
1023
1023
666
283
71
310
302
494
906
1023
1023
1023
840
57
97
446
781
451
1023
1023
1023
869
476
160
123
81
268
449
1023
1023
1023
1023
154
82
275
485
484
425
1023
1023
993
639
648
656
112
78
325
878
1023
1023
1023
733
428
125
224
736
657
418
1023
1023
716
440
532
526
297
197
295
1023
1023
1023
611
285
81
97
148
102
618
1023
1023
1023
885
418
119
546
229
199
1023
1023
941
1023
603
392
103
343
340
259
814
1023
1023
854
740
351
235
238
322
522
956
996
1023
1023
641
444
135
392
381
339
1023
1023
1023
791
309
222
213
410
697
744
1023
1023
955
849
435
205
295
183
589
1023
1023
1023
1023
513
113
242
430
511
512
735
1023
1023
918
255
79
84
226
481
658
1023
1023
1023
885
246
82
99
246
296
617
1023
1023
1023
973
357
207
262
167
410
654
1023
1023
1023
489
210
98
363
125
283
671
1023
1023
981
506
231
83
327
408
548
1023
1023
1023
687
392
190
382
400
379
968
1023
1015
770
415
73
286
234
231
260
556
854
1023
1023
777
588
95
274
60
307
1023
1023
1023
1023
787
152
115
175
204
207
887
1023
1023
1023
605
288
149
302
481
456
1023
1023
1023
794
527
260
138
190
139
1023
1023
1023
1023
658
101
470
132
96
128
675
1023
1023
996
548
564
293
214
101
474
1023
1023
1023
1023
998
363
121
189
176
861
1023
1023
1023
1023
520
111
99
122
370
919
1023
1023
964
314
272
563
123
477
315
912
947
859
501
471
330
228
431
232
420
924
1023
1023
1023
362
357
623
819
987
299
1023
1023
529
356
176
104
112
167
213
609
1010
1023
1023
528
137
83
208
213
198
808
1023
1023
1023
687
516
268
108
167
405
1023
1023
1023
970
663
405
325
537
612
671
1023
1023
768
495
356
108
203
255
244
1023
1023
1023
997
351
150
234
115
277
635
1023
1023
1023
751
426
196
279
464
59
530
1023
1023
1023
913
1023
768
132
99
910
923
1023
1023
1023
756
106
84
140
186
88
1008
1023
1023
1023
877
573
69
432
338
402
829
1023
1023
807
1023
412
333
463
316
86
408
1023
1023
1023
830
323
607
142
210
255
878
1023
1023
1023
1023
107
86
110
324
591
1023
1023
1007
888
402
138
304
83
649
913
1023
1023
1023
647
679
158
189
97
438
1023
1023
1023
1023
637
329
97
439
467
246
1023
675
1023
1023
1002
562
103
180
466
521
1023
1023
1023
1023
1023
100
438
534
508
240
1023
1023
1023
670
586
129
348
150
175
798
1023
1023
791
667
362
186
132
196
189
322
1023
1023
1023
704
156
198
163
120
314
1023
1023
1023
723
395
115
196
87
174
963
1023
1023
1023
967
452
85
196
153
473
1023
1023
1023
1023
897
625
