659
313
1023
1023
1023
624
641
333
408
640
602
1023
1023
1002
1023
515
458
163
208
377
350
1023
1023
1023
859
383
272
361
86
549
651
1023
1023
1023
585
721
174
549
437
729
345
1023
1023
1023
646
477
129
397
426
394
645
1023
1023
1023
765
575
141
226
368
765
1023
1023
738
513
296
104
159
410
195
384
1023
1023
1023
1023
432
132
370
103
799
882
809
1023
1023
726
518
234
474
165
250
722
1023
944
1023
926
482
168
120
505
788
1023
529
1023
1023
642
85
213
132
653
355
1023
1023
1023
761
330
112
226
175
969
1023
989
918
978
1023
315
120
271
406
561
1023
1023
1023
584
631
222
365
164
351
262
1023
1023
1023
1023
785
436
361
105
424
926
1023
1023
1023
546
243
126
118
469
457
638
1023
1023
713
831
120
493
482
121
110
692
1023
1023
1023
249
343
137
244
159
470
850
1023
1023
862
649
137
275
280
86
228
1023
1023
1023
985
916
482
683
520
240
793
1023
1023
1023
760
239
256
313
112
211
1023
1023
1023
774
588
265
436
997
192
159
1023
1023
1023
564
246
215
508
370
70
334
1023
1023
1023
878
479
451
132
404
471
797
1023
995
1023
993
722
127
178
93
270
1023
1023
1023
1023
736
233
101
538
130
120
651
1023
1023
1023
886
926
928
284
715
1023
1023
1023
1023
1023
826
504
242
328
389
1023
1023
945
1023
861
358
572
227
143
368
749
1023
1023
1023
758
350
138
284
295
616
1023
1023
1023
932
656
125
139
149
137
487
1023
1023
1023
668
975
1023
355
596
594
582
846
1023
945
816
717
242
233
93
255
374
954
1002
1023
890
777
275
130
96
480
1023
1023
1023
1023
706
555
508
168
139
313
878
1023
1023
1023
616
98
138
530
615
482
1023
1023
926
829
138
768
311
498
676
298
870
1023
1023
963
501
177
139
302
314
816
1023
1023
1023
623
689
121
339
592
496
543
1023
1023
893
400
95
126
175
260
120
882
1023
1023
1023
396
80
149
194
58
252
589
1023
1023
641
604
181
118
198
96
371
1023
1023
788
844
806
261
429
350
126
919
1023
566
1023
1023
642
128
148
314
539
1023
1023
1023
1023
761
170
222
310
134
534
1023
1023
1023
641
118
144
166
201
428
337
925
1023
894
1023
548
227
582
88
218
652
1002
831
1023
777
252
344
131
140
348
1023
1023
1023
1023
268
694
425
120
293
799
1023
1023
1023
1023
203
211
160
157
217
376
789
1023
1023
862
839
604
195
424
355
680
1023
1023
1023
532
229
284
171
142
316
905
1023
1023
1023
911
421
259
147
211
784
1023
1023
1023
1023
698
120
212
425
231
341
1023
1023
1023
875
248
81
136
481
367
655
1023
1023
1023
1023
725
117
527
635
526
1023
1023
1023
666
808
547
173
128
442
770
1023
1023
1023
984
548
420
153
173
122
635
1023
1023
1023
1023
303
123
298
215
138
345
1023
1023
690
597
273
447
150
131
161
823
1023
1023
1023
540
98
132
349
210
282
1023
820
1023
905
501
492
156
305
350
368
1023
1023
944
1023
637
189
198
231
259
415
891
1023
1023
1023
319
87
166
341
786
458
792
1023
1023
832
167
176
189
676
587
365
1023
1023
1023
888
150
144
317
103
407
934
1023
1023
1016
558
153
182
118
87
255
793
1023
1023
768
466
394
406
149
227
895
1023
1023
762
649
223
96
215
233
383
868
1023
1023
754
477
557
320
165
385
298
1023
1023
1023
1023
572
100
403
383
289
884
1023
1023
1023
1023
355
81
133
183
345
711
1023
1023
1023
810
177
339
259
275
423
825
916
947
926
543
78
162
452
120
125
902
1023
1023
957
410
85
210
215
304
160
634
990
1023
1023
636
207
247
149
376
624
1023
1023
1023
763
359
180
284
221
167
656
1023
1023
1003
724
387
428
220
215
437
908
1023
1023
1023
743
176
585
198
339
193
445
1023
794
965
864
271
148
536
94
219
1023
1023
1023
956
601
92
260
332
488
684
1018
1023
1023
966
346
117
345
382
161
771
1023
1023
1023
596
152
114
190
171
242
1023
1023
1023
917
388
305
176
376
367
407
1023
1023
1023
1023
472
179
271
416
525
495
1023
834
1023
914
338
336
605
211
450
839
1023
1023
937
916
476
98
168
127
571
1023
1023
1023
837
610
79
152
148
410
417
984
1023
1023
825
527
341
138
397
341
381
1023
1023
1023
868
509
240
208
231
387
777
1023
1023
1023
611
278
150
209
325
238
686
1023
1023
1023
541
294
246
403
347
408
852
1023
1014
748
378
136
125
123
238
326
1023
1023
1023
899
528
290
163
321
342
629
1023
1023
1023
811
450
105
171
399
529
662
1023
1023
984
647
510
234
155
255
417
891
1023
1023
973
492
374
137
254
534
426
838
1003
1023
1009
517
234
126
204
313
476
1023
1023
1023
895
303
113
129
307
456
639
1023
1023
1023
738
313
118
176
266
386
783
1023
1023
1023
620
249
114
197
271
359
929
1023
932
864
952
543
129
236
431
536
1023
1023
