1023
1023
383
711
1023
283
715
1023
1023
972
768
914
277
462
189
405
525
1023
1023
1023
437
711
828
202
579
796
907
1023
1023
1023
688
349
169
729
428
118
787
1023
1023
976
1023
1023
130
455
640
214
505
1023
1023
1023
638
630
455
390
579
624
1023
1023
1023
443
1023
590
129
315
496
777
1023
1023
1023
999
210
153
435
532
344
1023
1023
1023
1023
799
520
285
488
940
759
788
1023
1023
1023
775
494
336
445
99
307
1023
1023
1023
947
1023
731
169
344
709
801
1023
1023
1023
950
314
109
140
188
259
945
1023
1023
1023
1023
343
153
236
435
461
1023
1023
1023
1023
692
521
186
457
328
939
1023
1023
1023
1023
257
240
185
800
710
887
1023
1023
1023
540
88
117
225
240
814
972
1023
914
1023
431
943
386
445
76
200
753
1023
1023
689
864
783
141
152
895
734
897
1023
1023
871
119
358
366
103
112
285
1023
1023
1023
1023
312
292
314
96
734
1023
1023
1023
1023
735
170
203
465
389
1023
1023
1023
1023
1023
434
528
126
451
314
509
1023
1023
1023
839
196
493
333
448
499
233
769
1023
1023
1023
289
594
457
813
232
426
873
1023
1023
1023
585
291
673
285
448
1023
1023
1023
1023
924
501
738
120
137
1023
1023
984
912
1023
958
1015
278
1023
139
948
1023
1023
1023
1023
983
369
160
283
407
286
1023
1023
1023
1023
1023
719
116
172
330
1023
1023
1023
1023
513
303
119
189
271
185
525
1023
1023
1023
586
344
204
238
150
336
741
1023
1023
1023
1023
568
712
355
951
1023
1023
752
847
1023
1023
157
243
663
801
1023
592
758
1023
1023
793
133
142
356
573
997
1023
1023
1023
868
432
367
221
76
170
1023
1023
1023
1023
640
227
225
211
551
510
1023
1023
1023
1023
317
69
264
284
710
978
1023
1023
1023
890
850
314
618
951
987
1023
1023
1023
1023
680
189
118
746
161
852
1023
1023
1023
1023
147
87
133
273
630
389
888
1023
1023
814
198
225
257
398
912
1023
1023
993
1023
852
396
430
504
128
140
712
1023
995
1023
555
445
279
150
382
633
970
1023
1023
885
682
85
110
171
544
722
1001
1023
1023
504
334
349
227
193
252
610
1023
1023
1023
792
386
170
166
157
250
427
1023
1023
1023
764
632
383
156
498
840
1023
1023
1023
1023
1023
550
235
516
626
560
871
828
1023
1023
1023
239
116
103
230
309
1023
1023
1023
731
192
231
170
100
382
560
1023
1023
1023
778
372
608
149
153
443
1023
1023
1023
933
689
116
320
161
872
492
859
1023
1023
927
734
463
323
130
157
454
1023
1023
1023
864
528
199
223
418
609
827
1023
1023
1023
922
507
174
381
597
480
1023
1023
1023
1023
464
395
399
120
410
958
503
1023
1023
1023
902
289
134
263
345
649
1023
1023
1023
910
392
58
248
136
343
267
931
1023
1023
1023
321
192
215
532
388
968
1023
1023
1023
580
195
170
132
314
169
544
1023
1023
1023
838
609
424
123
247
249
1023
1023
1023
780
143
131
300
711
463
483
634
853
1023
620
499
795
184
97
379
863
1023
1023
1023
827
140
97
139
154
772
843
1023
1023
1023
1023
688
117
249
1003
839
1023
1023
1023
1023
956
134
314
190
492
580
1023
1023
937
692
396
358
377
275
381
1023
1023
1023
1023
1023
74
88
117
505
729
1023
1023
1023
1023
660
96
175
107
295
659
1023
1023
1023
1023
608
69
128
191
904
965
1023
1023
1023
894
327
348
318
658
781
982
1023
1023
1023
665
266
277
418
313
268
656
1020
1023
1023
840
572
245
306
172
420
1023
1023
1023
1023
152
301
124
154
192
225
995
1023
1023
904
477
437
353
338
167
463
1023
1023
1023
778
432
132
384
432
474
867
1023
1023
1023
1023
230
183
118
233
1023
897
1023
1023
1023
907
112
867
606
471
543
1023
958
1023
1023
861
107
155
113
986
827
1023
1023
1023
769
617
864
499
781
674
1023
1023
1023
920
725
460
120
133
174
280
904
1023
1023
1023
1023
139
149
123
64
578
1023
1023
951
936
1023
492
289
93
267
434
1023
1023
1023
1023
957
414
190
414
612
467
1023
1023
1023
1023
729
197
243
185
618
1023
1023
1023
1023
1023
835
140
183
621
681
875
1023
1023
1023
719
760
589
376
516
626
1023
1023
1023
1023
1023
357
734
257
482
641
1023
1023
1023
1023
737
491
322
73
433
1023
1023
1023
1023
1023
579
247
157
181
248
1023
1023
1023
1023
659
120
144
156
85
141
1023
1023
1023
1023
967
96
616
213
105
384
1023
1023
1023
970
768
582
235
144
333
1023
1023
1023
1023
392
592
229
456
113
86
798
1023
1023
1023
763
397
229
106
508
869
1023
1023
1023
765
239
440
257
479
434
802
1023
1023
1023
750
161
175
143
512
628
798
1023
1023
1023
440
227
598
561
93
870
1023
1023
1023
1023
910
79
416
298
161
157
641
1023
1023
1023
765
548
227
396
193
397
1023
1023
1023
797
294
72
128
158
345
810
1023
1023
1023
671
70
128
188
108
573
982
1023
1023
1023
753
728
162
359
533
565
1023
1023
1023
1023
916
233
195
276
555
742
1023
1023
1023
936
202
391
133
581
356
486
1023
1023
1023
1023
428
391
133
223
442
770
1023
1023
1023
1023
794
219
377
151
441
1023
1023
1023
1023
435
490
408
310
736
118
764
1023
1023
1023
1003
440
222
245
85
542
1023
1023
1023
1023
409
86
169
108
999
1023
1023
1023
1023
1023
332
112
150
179
371
954
1023
1023
1023
921
584
217
319
229
504
1023
1023
1023
742
408
397
134
170
251
525
824
1023
1023
1023
1023
264
149
358
697
1023
1023
1023
1023
946
275
185
415
454
664
1023
1023
1023
1023
397
85
113
717
197
352
1023
1023
1023
1023
500
271
123
139
306
588
1023
1023
1023
927
580
424
134
302
388
957
1023
1023
1023
795
360
328
160
82
257
1023
1023
1023
1023
933
356
108
272
329
611
875
1023
1023
1023
537
73
129
108
104
896
1023
1023
1023
1023
665
109
117
98
140
1023
1023
1023
1023
1023
307
97
124
378
637
519
1023
1023
1023
968
653
254
166
494
663
1023
1023
1023
1023
550
63
261
133
117
467
1023
1023
1023
1023
892
70
265
167
93
422
1023
1023
1023
1023
670
193
282
462
612
781
1023
1023
1023
739
71
159
128
136
282
667
1023
1023
1023
941
581
322
166
450
596
1023
1023
1023
1023
640
295
234
253
144
202
1023
1023
1023
582
321
202
123
339
505
821
1023
1023
1023
974
348
129
156
273
526
811
1023
1023
1023
628
237
113
147
340
606
1018
1023
1023
1023
713
125
318
183
79
505
1023
1023
1023
1023
460
139
126
283
322
670
1023
1023
1023
1017
337
130
115
204
484
608
1023
1023
1023
1023
476
137
125
227
460
1023
1023
1023
1023
640
355
157
224
321
464
1023
1023
1023
824
516
342
145
227
427
436
1023
1023
1023
873
403
123
162
182
386
934
1023
1023
1023
801
359
129
231
323
503
1023
1023
1023
1023
851
116
171
272
358
528
1023
1023
1023
1023
575
196
142
252
430
495
1023
1023
1023
930
496
284
115
231
326
736
1023
1023
1023
857
378
217
180
379
461
992
1023
1023
1023
699
335
116
184
101
417
1023
1023
1023
1023
656
234
107
166
337
676
1023
1023
1023
892
479
236
175
404
301
482
1023
1023
1023
927
572
179
262
284
546
1022
1023
1023
1023
684
248
121
253
346
502
923
1023
1023
1023
681
337
154
232
357
775
1023
1023
1023
1023
808
690
269
92
328
510
1023
1023
1023
848
407
137
152
238
485
828
1023
1023
1023
822
394
102
195
284
470
999
1023
1023
1023
681
357
111
244
391
469
1023
1023
1023
746
612
335
137
169
279
517
1023
1023
1023
847
1023
133
259
443
515
892
1023
1023
396
1023
559
141
178
240
234
767
1023
1023
1023
275
71
141
403
603
512
1023
1023
834
543
1023
492
106
113
223
461
1023
1023
1023
935
501
144
163
274
456
741
1023
1023
1023
850
506
250
189
255
354
828
1023
1023
1023
889
390
114
270
333
475
1023
1023
1023
1023
645
358
113
392
132
277
1023
1023
1023
1023
495
121
146
147
343
599
1023
1023
1023
850
434
225
131
290
414
753
1023
1023
1023
814
417
115
214
397
630
1023
1023
935
1023
632
680
214
186
261
411
1023
1023
1023
1023
266
67
243
378
511
725
1023
1023
1023
661
336
738
470
120
146
617
1023
1023
1023
602
175
113
273
439
553
922
723
1023
840
1023
690
313
113
184
356
1023
1023
1023
945
470
77
184
158
244
343
1023
1023
1023
939
568
223
136
237
417
691
1023
1023
1023
850
437
129
201
277
443
979
1023
973
1023
1022
582
144
225
377
524
1023
1023
1023
1023
599
255
109
187
350
482
1023
1023
1023
1023
521
240
134
225
341
530
1023
1023
1023
850
352
78
151
241
426
933
1023
1023
1023
652
80
93
140
243
426
938
1023
1023
1023
578
297
108
195
376
517
1023
1023
1023
1023
735
152
128
115
476
858
1023
1023
1023
867
366
163
145
212
393
826
1023
833
1023
985
523
161
144
232
350
923
1023
1023
1023
923
322
122
274
405
533
1023
1023
1023
1023
591
206
176
212
368
450
1023
1023
1023
926
573
151
151
274
397
739
1023
1023
1023
855
480
170
285
455
503
730
1023
1023
1023
644
602
121
205
261
449
1023
1023
1023
1023
610
241
134
277
335
425
1023
1023
1023
882
634
469
126
343
447
715
1023
1023
739
1023
291
126
105
72
208
642
1023
1023
1023
900
339
91
235
379
507
1023
1023
1023
1023
631
261
116
215
354
486
1023
1023
1023
975
517
134
191
315
244
714
1023
1023
1023
790
378
399
131
155
260
855
1023
1023
1023
756
90
119
297
466
536
1023
868
1023
880
280
146
781
215
80
242
1023
1023
1023
1023
288
74
212
362
487
576
1023
623
1023
1023
720
481
156
112
260
1023
1023
1023
1023
658
239
150
126
97
579
1023
1023
1023
1023
552
195
112
185
259
428
1023
1023
1023
979
577
281
98
221
416
630
1023
1023
1023
893
246
74
195
252
302
625
1023
1023
1023
843
449
227
194
355
470
961
