441
755
888
374
490
288
463
895
868
1023
1023
902
588
200
136
235
309
349
820
319
1023
545
566
468
524
219
373
140
433
547
605
614
498
221
365
260
168
257
344
590
740
982
297
970
466
354
244
202
334
396
274
482
187
269
160
198
243
493
344
462
336
443
525
557
282
699
179
477
581
959
363
432
193
247
620
810
1023
388
855
886
939
660
722
642
497
381
167
685
1023
1023
1023
647
173
229
227
240
263
546
643
553
735
674
224
852
151
277
362
607
413
511
530
247
347
200
178
227
412
625
577
777
871
1011
401
958
209
466
1016
1023
942
583
341
311
555
175
561
235
360
462
679
794
1023
809
329
179
204
310
370
348
551
809
583
430
519
761
652
624
314
370
466
751
704
315
181
207
279
385
352
279
431
288
411
294
345
497
319
376
441
511
878
517
246
217
485
751
429
582
358
455
538
489
301
217
241
217
360
946
681
419
438
244
300
358
296
223
419
373
383
852
1023
1023
537
201
171
682
575
497
1007
669
332
253
255
291
145
435
373
304
315
504
198
153
503
463
171
613
773
889
432
429
238
449
481
171
237
398
363
407
718
493
356
241
237
332
756
469
442
456
612
221
125
163
219
177
200
438
794
948
1023
583
720
236
226
783
885
917
604
454
558
400
166
273
245
364
445
313
655
653
423
559
621
287
187
249
358
618
952
689
270
239
223
185
187
285
377
662
632
618
360
191
346
210
202
277
370
372
502
715
502
322
346
211
199
407
626
994
637
526
427
177
302
280
181
372
532
593
575
560
255
269
217
352
211
696
1023
604
499
224
126
323
250
232
498
335
580
1023
1023
677
341
336
488
422
363
333
473
562
451
458
316
375
220
322
383
383
294
558
463
724
293
314
172
215
396
380
626
411
321
285
176
505
357
290
377
384
686
660
259
157
537
247
119
318
343
648
358
412
192
142
251
149
667
425
321
274
792
798
584
191
271
283
336
532
452
478
536
464
243
211
592
414
382
442
459
274
669
380
118
479
797
172
405
344
527
1016
915
779
286
378
215
263
852
944
439
464
487
341
277
259
332
321
649
405
237
489
437
415
215
187
149
350
525
783
764
898
910
246
187
190
208
349
562
659
952
733
944
183
659
648
325
351
682
261
367
394
160
140
197
373
385
441
295
248
436
548
306
393
415
749
748
443
988
912
612
301
134
179
287
324
346
484
408
388
523
348
207
191
171
231
454
315
452
840
809
244
383
240
152
259
511
381
457
750
1010
1023
714
189
144
245
336
554
786
988
894
417
188
243
126
365
429
638
629
609
301
175
253
157
515
506
387
307
394
428
135
159
210
275
160
389
405
368
699
668
177
252
174
267
193
610
338
566
762
361
444
348
440
474
155
309
313
331
619
591
397
226
215
315
316
557
1023
1023
797
279
184
212
271
290
428
1019
727
703
544
225
201
274
503
540
852
620
521
449
292
253
259
265
277
316
354
359
523
471
427
175
527
353
153
334
314
250
357
635
707
587
549
370
151
361
1023
812
1023
730
300
220
167
141
185
478
583
680
915
707
474
203
174
231
267
582
747
511
571
426
199
333
203
171
335
348
418
574
543
165
342
187
162
213
408
428
617
735
595
205
145
230
221
232
337
247
449
721
340
279
162
187
147
173
359
289
343
801
461
175
187
166
125
237
425
321
314
468
275
519
236
389
141
303
561
513
425
542
165
546
395
206
221
429
347
356
543
484
342
198
175
444
282
402
501
485
812
673
139
220
239
175
184
481
668
639
726
177
347
402
247
426
646
399
536
1023
1023
1000
367
220
435
531
437
416
317
403
453
616
474
387
273
168
292
418
477
854
776
772
548
181
349
277
425
361
562
647
628
315
229
226
164
372
328
527
527
582
409
417
328
187
179
347
321
265
597
580
755
349
234
221
310
493
912
628
485
328
146
213
230
178
213
411
726
848
632
223
208
168
358
505
241
426
384
439
518
191
124
247
235
400
433
317
483
616
436
186
312
397
553
320
358
697
734
794
809
472
185
213
166
270
454
600
702
913
645
568
219
225
222
461
966
976
786
812
245
132
204
153
174
351
399
702
568
823
590
384
279
348
271
363
318
516
714
822
1023
859
540
180
190
444
550
663
655
732
151
355
215
429
183
428
303
228
456
186
138
208
333
529
644
436
207
532
805
982
624
454
205
215
427
1023
1023
596
539
165
194
331
182
177
367
728
939
1023
616
285
498
385
294
194
1023
1023
637
646
545
275
312
176
273
260
437
375
623
645
456
234
209
266
176
341
423
522
479
417
158
177
225
141
181
357
350
339
483
766
721
594
242
210
317
724
710
580
479
256
145
259
301
159
325
412
236
698
474
180
135
213
121
195
456
368
339
510
640
476
257
205
134
191
403
348
624
754
840
795
218
306
237
221
446
938
1023
963
425
163
274
228
206
281
466
510
453
533
617
541
697
441
280
386
404
655
1023
919
678
658
382
213
251
348
462
516
644
658
513
768
544
146
198
411
575
745
693
348
384
298
396
155
199
445
315
363
473
251
346
363
370
180
294
372
564
1002
614
335
332
197
550
451
459
585
407
395
440
449
502
308
135
208
386
462
375
495
417
200
139
227
158
182
395
651
1023
1004
357
269
663
360
456
325
373
251
470
433
220
211
217
178
265
315
381
278
480
497
319
336
223
241
150
378
457
612
548
458
183
170
370
322
165
387
299
269
674
724
513
263
198
267
240
557
353
550
645
598
244
193
216
307
482
1005
944
815
595
238
185
504
433
628
528
633
620
642
481
281
137
306
168
185
470
473
478
547
396
432
461
285
177
244
336
395
444
506
451
441
322
243
182
346
446
495
732
651
146
218
273
153
142
440
774
829
783
694
146
370
408
139
198
466
661
352
474
299
286
229
532
514
224
472
1023
1023
779
183
158
203
176
175
307
415
768
986
591
711
418
237
172
235
353
476
707
783
685
286
420
231
121
407
410
738
654
617
413
203
164
194
164
181
348
560
482
401
374
281
423
209
202
450
411
702
816
721
576
264
187
171
208
437
754
1023
965
615
426
171
218
325
353
446
547
647
682
438
192
255
325
353
226
354
737
807
1023
431
233
395
265
321
429
421
714
1023
908
446
237
333
239
185
292
470
728
1023
1023
582
320
175
179
365
509
449
851
769
359
211
351
152
135
172
397
281
251
508
414
160
177
190
157
422
744
736
634
501
415
128
198
232
169
398
452
514
484
585
213
168
222
146
172
303
546
706
612
413
209
270
223
364
364
373
365
526
571
388
317
305
154
282
202
529
728
919
657
547
143
206
230
484
480
501
742
805
681
387
147
228
219
262
409
498
511
606
530
228
288
287
216
158
356
285
323
524
384
340
337
557
869
447
330
618
607
596
291
142
224
245
277
298
397
358
337
566
443
299
313
171
148
356
387
467
602
668
494
670
503
281
179
368
584
792
1023
772
644
300
280
223
197
468
414
259
440
187
263
234
198
174
270
353
542
501
446
237
149
286
194
216
304
350
446
505
545
408
484
302
383
240
314
534
719
796
725
746
309
194
151
171
616
753
617
804
515
206
185
262
513
396
551
594
439
395
225
260
263
164
160
380
287
470
678
633
459
577
372
269
254
326
573
599
833
606
479
160
169
292
219
387
360
630
902
768
399
399
279
167
270
755
726
646
695
350
156
273
190
364
372
401
247
326
522
179
351
258
211
304
435
339
461
539
556
386
457
578
404
172
525
529
917
528
297
124
199
209
137
241
402
309
536
785
370
146
162
221
157
386
326
587
647
752
223
167
293
382
154
324
296
533
557
578
431
595
400
144
515
908
881
754
529
408
305
447
305
343
331
412
272
313
523
279
234
291
335
280
284
481
673
646
494
200
173
205
152
229
363
599
738
580
421
151
183
185
184
199
385
333
495
773
609
398
252
258
193
196
357
354
318
665
764
525
375
205
179
231
439
470
425
574
357
178
174
217
144
333
578
455
409
535
280
184
149
206
274
387
690
641
574
498
250
168
224
364
662
595
331
263
435
290
170
239
279
149
227
364
334
371
503
515
262
245
268
200
341
360
272
758
1023
899
380
170
186
234
312
342
579
713
698
594
473
267
173
284
440
511
575
488
312
384
350
288
172
136
347
552
728
682
393
186
194
193
214
357
347
490
576
585
373
353
225
190
260
411
547
736
631
493
223
162
174
172
241
373
538
660
600
495
377
238
222
156
171
369
516
669
815
592
248
227
344
163
165
428
458
817
908
703
403
321
149
262
313
463
604
639
628
469
515
401
179
197
306
830
1005
1023
969
432
206
138
167
255
495
664
673
607
584
324
151
197
236
262
329
238
354
643
972
926
804
507
178
285
593
681
760
654
390
308
374
420
452
308
589
970
941
687
287
168
186
125
253
382
463
503
499
398
298
244
186
214
216
388
353
475
553
455
473
448
520
211
310
550
790
857
888
665
495
367
195
447
517
639
660
774
625
392
303
248
169
196
404
482
707
793
466
203
263
199
206
285
503
480
409
472
285
128
234
194
168
237
405
388
502
481
180
147
220
247
179
275
397
434
589
491
250
185
379
187
179
369
414
452
505
387
386
366
335
131
