176
128
210
454
661
773
681
498
366
250
172
135
335
502
660
839
590
454
312
241
140
171
387
519
630
782
631
481
317
271
138
174
413
604
703
728
559
419
257
225
150
230
445
649
715
735
492
365
311
169
184
329
504
700
794
741
491
340
246
170
188
379
515
657
695
621
394
339
208
169
181
344
567
736
732
577
401
267
214
109
186
398
574
739
683
536
323
272
244
165
293
484
669
810
691
466
351
216
176
160
352
489
635
750
648
441
314
213
240
203
391
630
679
665
490
338
224
190
171
192
386
652
663
716
433
352
263
235
243
276
465
705
788
749
456
313
333
148
140
324
496
674
745
610
391
309
261
117
172
378
615
759
846
579
404
285
300
151
195
411
472
598
660
442
248
360
251
159
278
429
675
828
844
552
308
210
234
155
293
683
685
588
530
442
233
251
216
191
453
910
1023
1023
1023
605
191
249
201
171
480
508
497
866
1023
808
602
305
234
255
394
450
860
632
431
128
241
172
178
326
357
415
486
613
321
251
178
173
627
567
389
487
870
538
677
519
373
190
403
364
267
1023
882
457
349
379
188
202
490
964
883
373
488
297
250
296
152
180
362
366
823
1023
1023
496
704
218
301
312
323
396
450
594
637
405
525
344
232
219
442
385
595
913
684
157
920
212
361
184
385
795
1023
734
834
492
531
272
309
322
692
892
655
721
632
217
196
217
213
331
598
932
1023
914
1023
1023
245
248
182
404
661
395
655
303
1023
1023
1023
614
216
457
805
694
881
836
954
295
316
529
480
658
556
554
475
245
235
239
852
1023
1023
601
245
375
622
336
400
529
574
183
379
448
576
494
451
409
229
250
274
730
992
548
641
682
400
205
360
180
1004
235
328
625
987
708
519
271
339
229
185
377
1023
933
1023
1010
971
925
155
223
435
384
340
685
1023
1023
1023
816
707
482
221
852
824
1023
968
955
200
808
455
771
661
313
302
729
1023
1023
741
971
339
142
339
458
916
1023
1023
1023
909
622
170
294
362
387
1023
999
1023
1017
610
272
318
255
329
895
888
1023
656
492
179
235
121
212
397
605
684
711
371
577
869
648
206
494
332
1023
1023
650
849
1023
1023
544
178
449
1023
1023
1023
787
615
142
211
244
214
402
981
1023
771
734
802
521
224
328
341
422
688
641
1023
956
1023
539
376
485
310
718
660
1023
767
251
460
338
210
312
341
515
554
792
810
503
486
829
271
164
405
765
896
751
537
415
265
252
283
247
444
358
276
522
781
1023
1023
630
899
316
562
1007
1023
964
586
193
210
158
343
374
321
262
625
854
868
787
499
359
375
674
747
1001
1023
1023
183
251
357
238
273
634
534
326
705
1010
541
211
211
185
252
605
1023
964
715
328
689
455
245
175
351
802
1023
1023
849
465
166
180
251
170
427
1023
965
967
424
293
211
239
237
316
374
323
723
603
330
292
397
704
750
262
414
663
655
613
361
249
393
393
339
290
535
743
1023
1023
414
150
409
644
568
432
513
712
404
449
154
737
288
750
442
397
511
825
965
719
523
420
186
167
339
665
1023
1023
928
572
257
431
142
483
326
488
853
1023
1023
1023
285
235
355
183
424
864
1023
1023
1023
1023
1023
631
210
432
787
1023
926
1023
1023
568
393
229
142
359
469
745
886
1023
771
462
410
325
170
317
752
583
537
710
685
479
448
164
199
407
1023
903
518
460
178
196
424
234
436
576
604
549
570
597
439
163
207
244
306
376
649
961
912
397
452
412
203
175
311
448
318
344
732
329
494
836
722
162
296
415
786
783
742
710
617
426
194
270
408
385
532
899
576
400
565
371
694
662
339
354
1002
1023
1023
790
563
351
208
241
545
738
518
1023
483
911
405
395
406
340
377
846
438
975
1010
885
557
199
165
385
499
973
938
990
659
525
212
243
403
454
316
235
456
380
675
494
199
258
345
372
419
455
618
568
685
771
558
153
281
642
1023
1023
891
760
255
196
430
627
452
480
390
669
454
230
328
230
264
213
450
796
1023
1023
510
525
271
277
251
245
470
620
636
907
1023
1023
768
347
165
286
473
807
710
776
712
485
582
342
580
418
915
959
931
958
687
405
209
188
141
358
742
948
856
544
177
431
459
191
238
421
589
944
843
416
384
269
209
243
264
478
827
923
972
892
814
283
220
353
359
561
1023
967
562
862
560
207
236
208
357
630
819
1023
927
386
195
304
203
245
368
388
610
960
1023
1023
494
189
204
283
726
1023
958
990
395
151
361
242
338
408
583
920
979
775
503
424
174
203
171
380
441
688
758
810
704
561
240
393
280
377
903
1023
1023
684
250
245
192
158
237
373
572
548
480
352
446
571
558
324
272
455
