475
269
416
457
201
179
222
177
204
452
337
522
490
412
159
122
228
169
291
380
672
460
475
891
539
673
306
450
519
411
373
526
719
773
577
272
257
121
285
433
808
1023
976
290
609
641
230
254
449
865
930
719
459
330
312
389
178
161
415
524
1023
702
431
274
237
228
648
579
605
333
254
505
1023
1023
1023
839
807
391
550
969
864
915
675
361
279
352
399
347
359
251
634
737
933
746
245
169
161
365
403
469
482
633
289
554
823
551
537
419
1023
1023
1023
951
360
212
204
207
332
487
471
600
646
773
361
245
471
230
325
720
425
451
512
332
230
235
331
203
417
401
663
1021
810
504
221
264
177
234
393
398
689
1023
1023
458
222
231
297
428
650
715
473
539
636
925
772
431
132
289
433
494
506
842
1023
853
546
553
348
342
626
922
1023
704
711
538
262
148
165
359
518
535
844
743
684
588
287
372
484
547
743
1000
892
256
169
310
688
192
194
531
715
837
663
249
138
278
195
184
378
670
644
792
582
397
221
218
149
328
356
370
522
650
458
248
229
222
193
177
416
502
397
491
341
147
260
575
314
193
546
1023
881
568
364
191
364
270
369
327
303
395
573
566
682
745
228
731
519
428
586
584
863
591
307
209
223
208
206
433
563
539
741
515
472
181
261
324
269
340
573
991
778
335
239
228
273
199
370
767
723
733
689
229
531
290
358
249
386
418
851
823
454
236
170
191
224
226
380
762
1013
1023
1023
838
279
641
870
564
607
445
670
765
458
209
176
161
188
412
412
678
589
579
300
253
519
218
412
450
429
354
590
544
187
181
248
282
344
388
497
589
559
309
140
390
573
280
258
369
572
488
610
438
153
279
151
578
263
439
450
412
557
556
364
374
166
171
347
380
339
372
647
520
389
209
424
211
398
567
856
836
420
295
371
236
211
287
615
764
651
652
346
142
297
244
225
220
347
558
364
469
506
267
302
213
237
343
540
536
627
583
357
232
291
534
483
400
831
646
651
593
749
567
191
126
248
454
577
544
872
1005
545
396
271
172
250
581
825
636
654
440
658
313
196
332
336
590
739
798
570
510
258
244
347
619
593
960
990
599
379
507
874
847
276
210
341
478
362
445
466
399
358
208
390
432
614
1023
808
753
335
315
433
466
171
309
385
600
646
654
271
379
213
273
262
366
726
793
1023
696
169
257
283
412
166
389
377
344
476
294
266
264
337
260
297
400
529
473
600
272
209
274
310
152
234
293
318
454
525
466
375
515
186
275
520
437
653
1023
527
180
199
363
219
147
405
382
345
571
382
334
253
183
299
218
475
443
246
492
368
263
294
375
460
231
383
397
668
699
351
380
440
306
200
364
499
756
818
626
462
337
309
251
341
414
354
333
386
533
351
572
535
415
228
652
904
829
980
734
221
245
425
193
245
882
652
522
511
280
201
195
200
226
580
623
415
409
392
217
231
191
154
146
368
461
650
881
368
171
234
278
265
224
476
650
588
667
460
280
349
222
229
211
333
435
730
780
242
161
246
212
139
448
308
366
930
888
627
428
250
183
186
326
328
453
631
502
338
499
469
408
292
382
333
298
539
317
375
275
431
441
323
396
419
365
738
523
317
171
226
200
398
443
787
663
815
527
271
308
411
286
382
749
940
746
749
363
423
326
275
169
423
762
899
905
351
161
215
218
139
386
432
613
707
903
393
233
227
236
192
243
640
424
593
519
557
665
654
454
223
412
913
1023
774
503
198
196
306
231
156
380
528
912
803
366
163
244
184
161
274
488
407
374
499
515
609
465
240
185
239
544
881
831
901
369
219
222
408
800
555
459
406
488
470
231
153
203
164
169
332
380
519
1023
1023
507
309
203
326
188
412
616
618
675
822
701
271
257
150
280
443
468
632
658
501
560
453
406
200
401
507
918
764
539
341
326
246
169
215
373
589
667
661
432
183
400
495
409
176
407
1023
1023
829
265
137
228
150
138
189
438
451
566
844
642
408
279
369
247
298
293
650
1002
716
444
318
195
219
223
423
792
547
554
402
195
214
299
171
265
456
908
1005
536
308
220
320
223
153
251
578
839
909
848
333
162
255
375
156
504
973
1023
949
590
247
207
172
229
179
303
619
760
1023
1023
1023
578
202
507
534
415
714
791
1023
1023
559
164
291
148
191
399
336
493
674
830
683
513
533
323
227
523
765
850
1023
686
266
232
319
274
328
364
650
734
850
385
506
474
335
369
416
372
370
462
445
993
1023
821
514
194
377
679
751
745
722
297
320
291
227
187
351
523
810
702
528
217
180
247
352
403
438
391
377
487
170
147
165
266
319
454
549
545
522
514
204
199
194
240
522
652
502
618
958
903
523
626
341
212
348
532
786
782
616
220
305
712
505
256
383
981
1023
1023
973
327
163
977
888
306
411
330
349
992
850
698
390
197
210
522
862
753
618
538
349
180
243
228
172
262
376
543
421
626
585
608
564
609
220
331
866
877
1023
1023
784
185
237
283
682
713
726
601
752
547
462
251
259
135
216
411
768
1023
815
468
369
245
323
267
179
411
348
392
628
1023
753
604
429
161
426
606
533
570
497
252
180
255
180
217
366
452
490
737
798
808
175
238
207
191
328
303
480
680
651
803
185
222
182
297
416
491
617
695
731
696
467
218
199
271
479
510
670
733
593
540
209
411
360
371
418
278
477
741
257
218
197
256
231
407
484
371
442
457
180
274
301
236
283
444
682
489
603
535
604
176
267
144
167
408
863
1023
921
673
564
262
202
187
347
765
828
835
630
430
602
318
216
264
363
482
726
736
528
563
298
264
548
437
382
458
450
554
356
248
269
222
191
172
442
388
596
646
248
230
292
341
274
264
439
481
824
605
595
302
277
516
281
338
522
986
1023
1023
1023
583
362
889
783
672
621
763
576
400
271
182
226
216
172
379
415
542
613
294
246
250
182
215
230
387
370
511
677
609
180
201
163
305
417
830
686
582
532
224
238
263
149
184
476
753
916
687
460
452
333
181
130
195
415
567
675
628
560
703
399
310
185
269
418
311
346
559
485
429
392
543
766
527
628
924
1023
722
356
162
466
620
345
349
376
624
523
398
301
207
206
205
552
415
574
509
522
313
358
565
229
189
210
305
425
355
642
232
198
270
731
172
311
521
856
828
714
707
499
278
253
286
368
388
533
668
702
830
451
386
368
230
385
349
527
744
595
783
221
275
311
253
416
445
432
694
477
313
217
287
256
314
692
811
538
496
572
300
272
346
609
423
640
934
905
607
221
228
233
208
530
534
660
842
517
324
275
366
294
190
222
478
444
616
618
329
238
191
167
306
406
389
660
1003
672
481
341
426
167
224
398
380
423
600
788
300
371
472
241
237
353
497
550
740
754
521
183
284
156
190
464
365
356
551
269
205
260
267
291
432
666
312
496
666
336
283
352
451
246
317
397
582
578
581
193
191
347
372
268
385
399
279
460
444
214
513
406
161
182
421
889
1023
1023
657
205
185
197
207
243
602
873
983
611
400
467
311
284
148
385
609
798
712
552
366
304
259
188
206
372
598
583
755
696
274
174
207
211
161
376
528
757
816
674
502
242
207
203
229
458
428
800
798
552
294
233
168
259
373
447
1023
1023
1023
780
441
298
170
211
362
658
1023
1023
885
846
740
395
165
454
704
802
860
839
680
679
424
250
217
248
469
747
914
788
536
738
312
290
477
533
567
491
551
752
330
287
230
247
152
329
641
812
734
831
494
200
174
168
197
441
750
723
519
473
312
321
181
258
174
387
396
520
760
413
348
348
234
190
215
508
550
684
874
579
392
258
162
203
336
429
713
1023
940
617
299
248
473
419
373
357
414
710
597
352
759
500
159
199
415
707
719
721
647
449
248
176
187
251
389
491
535
716
540
565
282
175
140
326
426
504
756
770
342
400
233
244
207
378
510
990
1023
756
420
173
237
217
270
470
585
563
915
476
299
203
203
146
371
408
470
770
775
695
329
304
190
176
248
466
669
362
476
345
389
318
361
195
582
404
340
720
1023
615
721
658
198
175
396
620
594
715
409
334
368
502
263
247
484
666
907
778
496
155
197
226
325
450
740
575
392
466
198
213
280
248
218
347
368
287
407
507
314
671
730
380
195
331
534
748
834
601
516
230
265
327
218
287
491
500
836
778
769
763
220
261
297
385
512
592
801
604
448
388
573
165
386
597
864
726
788
551
315
251
166
221
370
435
668
629
647
744
548
246
152
253
574
1023
844
555
352
244
419
275
172
183
314
352
430
636
480
436
196
227
469
428
360
523
627
766
391
457
457
170
187
335
567
642
610
454
244
187
189
238
238
383
409
330
640
516
503
691
551
241
229
742
833
736
597
321
197
368
161
190
357
446
447
758
541
370
557
358
206
202
302
416
453
671
508
245
316
489
263
143
293
442
359
448
308
257
600
890
850
342
516
667
504
733
569
299
309
285
174
254
469
384
670
694
322
198
195
496
582
416
415
624
741
676
645
505
413
181
282
462
660
666
771
597
537
276
233
162
159
424
678
952
942
759
471
326
271
227
282
568
635
897
650
411
410
233
236
147
310
369
691
694
590
186
155
236
285
