492
269
186
203
162
424
401
575
613
669
346
192
193
202
202
397
585
729
890
501
165
187
464
547
184
488
579
826
775
544
339
217
203
211
305
837
656
267
500
884
1023
389
268
559
929
475
582
617
444
244
356
558
719
201
406
716
580
1023
779
598
437
304
157
150
1023
632
466
884
315
392
394
854
880
800
422
349
331
660
209
235
915
256
401
574
358
399
389
639
566
622
977
434
324
557
450
341
915
922
658
327
393
268
341
509
432
456
557
693
1023
1023
676
259
242
493
766
1023
851
410
148
310
514
342
347
335
348
811
495
329
167
256
223
267
482
618
585
454
619
738
833
629
504
676
433
694
487
769
577
273
201
151
636
1023
1023
349
318
572
608
993
883
725
214
385
455
630
934
561
407
630
218
402
437
534
877
1023
1023
977
322
680
869
1023
538
575
464
413
457
424
370
789
241
125
223
675
609
711
844
267
471
717
557
440
322
417
775
1023
1023
1023
259
622
766
451
465
391
1023
736
854
409
405
418
229
178
464
443
681
1023
794
331
195
253
206
203
527
843
721
612
292
210
252
255
156
225
478
751
767
701
225
362
312
323
315
379
855
1023
1023
553
191
386
362
209
317
619
766
1023
1023
1023
637
213
397
421
231
430
737
745
990
740
165
587
388
188
283
482
394
436
643
942
315
206
269
242
479
479
539
412
767
318
578
245
242
422
405
427
271
788
767
229
260
428
430
723
430
389
418
527
415
258
391
440
301
253
507
410
359
704
386
178
542
511
438
346
840
628
542
531
318
231
434
681
478
363
773
967
761
781
1023
183
255
191
306
442
708
1023
865
452
483
587
669
576
411
488
861
1023
988
482
424
509
425
275
226
438
510
1001
712
279
502
725
725
375
325
580
660
803
1023
997
152
383
371
222
469
558
477
899
676
833
558
237
147
211
990
1023
566
592
335
246
212
179
543
318
689
1023
1023
749
327
593
1023
604
358
555
389
779
506
471
162
199
250
245
334
487
334
466
624
583
450
615
622
395
169
453
506
544
535
320
182
842
372
320
918
380
746
982
767
477
454
349
275
146
358
396
702
548
666
413
147
226
196
356
689
865
854
584
475
164
659
539
245
206
468
483
405
570
386
150
187
474
287
418
622
585
788
1023
861
843
701
660
162
638
995
643
436
501
514
247
257
329
187
454
327
528
703
763
1023
268
388
155
345
359
390
277
482
410
363
164
197
568
254
470
845
507
593
507
196
466
667
307
699
942
1023
763
543
333
204
209
282
352
469
747
984
899
672
215
592
408
181
892
870
379
1023
1023
1023
243
336
243
287
263
479
838
494
630
442
439
244
374
540
461
399
743
1023
644
311
409
609
200
224
457
476
606
598
577
719
366
321
433
261
421
509
553
600
511
389
189
271
188
295
568
361
396
576
1023
567
351
275
217
248
460
738
398
495
619
356
207
238
227
486
615
689
501
597
307
154
235
289
281
468
359
491
519
552
155
184
204
414
314
397
342
418
1023
334
192
475
354
181
189
371
406
398
453
338
349
223
239
191
349
365
274
347
545
272
197
232
365
326
593
459
434
509
1023
715
538
471
369
259
556
368
277
531
375
469
722
822
550
231
612
610
433
981
665
398
348
680
698
267
411
385
745
914
901
598
370
266
139
423
380
520
449
492
201
178
251
440
687
451
624
484
521
463
192
393
219
190
300
421
395
660
550
340
349
452
374
335
419
653
582
891
661
245
159
222
226
349
343
485
641
1023
814
743
179
503
809
515
604
727
532
481
505
280
591
504
370
213
850
1023
1023
835
330
168
220
354
181
259
403
603
963
1023
731
464
615
485
218
447
769
863
1023
877
333
295
1023
210
236
463
426
811
608
710
409
260
217
180
235
527
352
275
514
798
886
782
219
129
240
476
727
570
631
250
235
223
173
141
395
391
710
492
616
207
200
310
193
802
825
381
653
767
505
286
629
387
173
203
525
444
319
549
417
464
809
1023
935
844
400
841
1023
1023
307
193
323
284
146
565
697
646
946
577
283
149
193
263
447
375
852
1023
946
772
149
596
372
251
204
860
426
420
1023
786
435
245
200
306
211
370
575
850
706
406
255
565
729
283
275
405
305
417
756
176
407
186
218
171
401
608
728
518
679
387
330
268
387
799
802
445
423
604
534
247
200
308
405
198
432
439
328
503
277
142
289
298
212
228
476
624
745
630
241
189
350
273
173
595
396
530
780
967
545
434
277
212
172
384
646
602
774
451
197
547
372
361
439
478
643
829
887
601
308
231
302
263
517
429
454
341
634
395
446
291
227
229
354
500
837
609
842
595
352
203
174
229
496
772
765
636
510
191
208
220
217
251
411
339
312
496
568
831
415
489
564
231
482
600
900
1023
233
485
200
238
373
434
440
387
399
509
209
297
181
254
530
475
530
434
606
651
495
144
456
420
260
456
624
649
786
630
208
180
227
300
226
391
326
255
619
467
298
419
393
250
270
421
623
815
1023
868
374
558
544
481
893
646
1023
1023
688
248
243
267
314
346
451
646
435
650
465
182
162
297
180
261
471
315
323
544
377
361
748
877
238
359
429
341
588
1023
745
400
361
466
362
358
553
857
945
656
209
539
400
194
279
476
874
626
589
685
327
737
452
737
531
441
365
738
1023
1023
892
424
274
142
333
430
603
386
578
234
555
500
223
170
404
452
671
885
546
155
549
429
759
583
634
563
267
497
1023
838
207
283
161
217
465
336
370
499
323
181
211
280
280
458
499
746
474
640
690
466
363
350
122
299
443
454
587
683
464
277
180
195
193
348
701
825
631
506
187
181
292
447
194
454
470
730
823
652
198
172
337
179
398
520
694
887
774
436
260
451
610
392
206
452
380
721
611
560
169
263
238
345
626
576
1002
719
636
169
399
633
514
177
448
272
341
922
658
562
481
190
210
250
576
741
849
586
262
146
206
242
401
530
553
907
396
582
308
208
462
241
250
329
339
304
504
754
658
735
305
191
422
432
438
421
474
437
626
818
627
803
590
426
437
822
1023
486
620
273
301
307
180
469
456
350
493
161
144
330
317
311
534
427
317
566
547
491
750
436
163
137
417
506
500
506
441
185
209
198
367
172
411
665
707
842
909
477
199
251
264
354
498
404
699
1007
784
956
537
197
269
335
686
888
552
670
500
230
246
242
154
408
389
576
735
615
240
230
229
199
175
413
346
371
570
492
579
697
823
589
179
436
853
1023
989
601
375
199
180
345
272
489
480
502
793
697
377
370
250
171
422
427
598
1023
969
670
195
476
231
376
404
527
653
570
462
144
199
260
241
177
467
280
283
719
460
193
368
254
186
257
505
587
467
582
207
261
268
179
277
398
288
456
463
604
472
633
429
181
278
444
480
576
678
635
385
329
221
183
206
459
472
505
501
408
209
370
387
561
241
505
825
993
1023
375
140
875
855
800
495
346
295
410
494
245
193
263
154
148
463
405
630
846
570
216
320
227
184
325
705
544
492
665
413
187
289
215
158
203
405
523
601
618
530
675
330
183
361
494
442
292
547
669
723
564
495
267
425
389
397
246
505
475
373
1023
314
191
167
523
384
311
511
382
336
317
423
776
317
395
588
706
827
650
340
321
214
478
287
448
468
407
560
241
211
272
268
851
927
338
591
732
541
540
311
499
216
195
480
413
410
598
493
152
237
186
186
174
486
401
269
572
513
331
209
302
230
289
434
331
860
965
371
190
494
213
313
333
368
291
564
606
681
285
387
805
187
448
1023
1023
1023
578
294
316
256
220
232
479
448
516
982
969
506
269
272
198
281
394
784
1023
820
365
352
259
196
280
415
423
371
524
658
337
414
245
167
462
432
559
502
467
468
332
235
248
544
277
714
331
873
1023
961
733
450
244
717
617
841
738
466
707
217
188
371
169
169
557
416
408
637
927
799
862
795
246
221
422
551
722
829
570
437
165
216
211
153
393
732
533
613
430
199
185
363
293
223
468
490
566
751
692
530
414
249
222
338
433
599
1014
936
554
304
280
189
132
419
409
648
727
470
198
215
292
205
155
654
398
257
667
647
686
760
424
508
310
471
611
1023
1023
742
325
279
192
155
410
704
758
786
840
281
232
215
257
577
445
486
953
1023
812
554
490
243
196
316
415
492
619
842
843
632
463
449
261
185
466
910
651
880
430
383
561
545
171
237
575
810
1023
1023
804
355
288
213
739
754
641
455
474
536
273
171
202
406
486
557
452
504
1023
642
613
334
348
391
195
393
464
404
561
329
209
162
159
164
212
392
384
445
751
248
257
461
410
209
343
686
1023
878
550
581
502
268
244
300
403
431
431
703
606
530
918
1023
399
206
370
533
855
1023
777
162
202
326
249
181
446
488
740
523
420
520
201
200
254
326
411
318
332
545
191
531
603
493
274
395
883
773
880
490
201
270
624
270
191
459
522
287
657
520
174
295
278
178
176
401
340
382
760
752
973
621
284
364
506
534
982
1023
658
508
183
219
203
407
497
398
978
948
545
434
813
543
156
885
874
724
622
637
412
315
236
235
354
189
419
505
487
822
443
414
444
202
236
217
546
640
620
612
256
203
221
274
251
692
388
421
842
744
342
160
260
163
260
409
500
737
