667
442
1023
1023
1023
1023
529
242
443
395
403
1023
1023
1023
613
173
199
258
246
192
440
388
672
776
473
211
438
723
331
191
423
674
788
926
1023
932
317
178
197
682
496
992
643
648
215
435
463
210
208
304
496
667
980
499
155
165
383
205
195
404
530
607
647
559
757
274
326
745
497
654
404
327
638
688
197
185
315
193
258
414
394
557
899
684
428
202
195
317
397
482
853
569
633
230
200
211
296
610
371
945
864
800
516
281
406
313
133
244
409
657
559
604
588
364
419
369
389
410
683
938
917
542
398
241
519
490
185
222
482
380
295
557
561
288
355
181
284
364
506
646
637
543
217
315
220
483
330
434
692
1023
1023
602
573
179
313
241
343
434
557
428
802
806
511
367
407
278
402
458
554
989
1023
572
286
266
169
142
383
712
942
751
476
194
286
504
222
202
398
426
239
465
571
941
353
200
220
222
372
559
534
975
737
698
488
245
379
628
786
685
350
729
343
493
281
232
304
327
550
1023
796
573
514
238
418
514
378
402
473
462
662
618
423
339
245
144
187
418
429
256
997
475
430
485
311
140
394
444
477
625
802
462
267
181
317
202
227
399
400
331
559
223
884
551
247
169
347
559
609
645
523
181
158
256
241
510
589
361
282
749
765
310
243
215
174
225
454
455
564
562
299
235
186
335
341
214
524
463
549
851
250
153
248
260
205
341
403
278
328
443
377
1023
1004
699
385
405
367
596
777
761
1023
483
594
418
179
470
880
930
843
472
421
284
253
238
234
551
453
426
1020
461
203
211
232
176
271
364
387
470
598
514
489
340
169
190
396
465
355
485
611
466
442
263
203
201
535
404
295
526
451
202
562
842
929
545
439
340
611
703
488
260
278
203
204
366
515
423
626
676
353
237
285
194
209
366
370
400
650
759
329
237
225
377
270
489
311
433
629
658
627
381
241
364
292
416
501
632
845
668
654
397
291
248
474
486
776
839
689
521
150
245
223
301
340
457
493
832
740
643
395
423
319
356
661
337
360
694
752
746
1023
958
498
193
431
397
456
843
600
201
304
271
162
183
389
330
270
620
329
171
309
354
310
274
518
762
986
747
468
355
185
209
216
415
477
473
597
641
355
227
177
250
212
441
481
586
741
719
657
735
535
528
480
463
654
1023
1023
889
696
499
269
186
249
517
558
709
932
563
345
282
196
122
367
460
571
580
689
315
274
228
200
249
352
562
657
742
563
466
241
394
199
186
437
339
294
541
621
541
491
417
158
219
485
1023
613
837
545
308
360
269
233
328
597
809
806
654
539
217
210
183
216
403
384
524
689
684
223
209
437
239
177
382
401
430
602
523
505
516
246
156
245
539
451
788
832
436
183
172
219
181
270
449
336
497
748
649
528
254
273
283
369
630
680
570
542
473
207
189
189
391
478
347
591
847
978
819
552
255
209
216
572
868
755
733
720
221
311
282
504
281
554
974
546
608
239
203
250
263
150
351
646
925
643
630
227
295
313
229
327
455
355
644
675
559
264
234
210
208
158
405
478
372
538
501
422
344
267
230
216
437
597
433
678
518
580
350
211
190
361
372
682
686
783
498
328
387
325
167
389
502
554
631
642
478
457
244
215
177
415
514
515
819
511
337
240
228
293
193
328
342
276
552
475
232
724
1023
615
217
541
754
663
672
377
234
374
263
214
534
549
516
634
882
812
496
319
233
210
410
658
732
902
866
878
608
291
236
308
673
1023
1023
766
493
303
375
297
150
276
567
916
947
805
212
318
266
223
164
292
394
554
659
653
220
275
331
247
155
352
410
542
662
582
530
442
517
246
246
399
721
760
769
571
393
379
314
184
211
445
574
619
794
489
327
278
242
163
272
461
570
666
775
371
304
223
225
227
385
426
548
605
615
265
223
309
252
197
395
336
330
591
511
405
646
604
158
239
384
412
523
744
540
494
612
525
306
291
553
636
629
904
423
242
305
256
230
371
449
589
631
660
527
347
184
193
202
436
440
451
635
584
431
282
263
194
231
437
478
566
685
469
426
290
246
183
204
416
585
587
778
566
406
264
224
135
257
407
714
737
694
400
335
329
206
163
351
429
554
798
732
459
301
274
196
166
376
474
670
754
607
441
308
257
164
221
465
570
387
662
540
429
282
278
165
250
363
534
747
719
451
326
234
194
152
374
437
515
604
634
380
339
259
226
162
391
461
600
724
652
419
325
259
150
168
434
472
578
668
528
370
284
221
146
211
394
494
594
687
433
253
227
205
161
364
448
434
454
657
635
390
224
239
228
419
499
642
