117
192
148
100
431
527
1023
887
350
75
215
170
74
280
516
960
1002
630
618
211
103
130
83
435
593
652
856
769
911
263
128
120
424
566
804
954
937
700
409
302
156
100
345
539
721
794
995
992
370
328
205
192
101
687
738
1023
895
528
95
187
213
700
108
381
877
1023
829
392
218
454
207
266
666
850
954
940
528
309
289
126
101
109
250
457
861
1023
1023
524
177
153
238
395
572
854
1023
1023
473
454
265
131
282
772
458
427
777
489
449
686
153
669
362
278
608
979
1023
419
134
369
242
142
69
261
529
910
1023
902
374
78
141
109
140
438
766
806
903
751
310
88
138
125
245
317
1023
1023
804
704
403
152
136
124
317
533
1023
1023
594
246
433
167
129
260
642
787
472
369
987
522
88
129
112
82
286
578
1023
1023
837
455
201
125
86
346
382
674
1023
774
358
474
784
185
143
236
709
944
800
852
688
291
387
350
415
179
751
1023
872
620
387
109
286
506
385
308
475
891
947
748
329
98
184
106
96
349
660
780
649
470
340
312
158
109
168
524
1004
1023
1004
209
229
190
148
150
159
495
1023
1023
719
217
148
131
138
295
347
832
699
701
479
113
120
135
100
224
645
361
610
585
506
301
343
149
143
367
466
793
535
681
443
361
114
144
84
145
498
761
1023
849
529
431
215
215
708
418
638
935
1016
601
203
125
156
166
155
484
1023
672
534
477
373
93
243
312
164
453
875
1023
824
735
301
191
132
251
287
536
833
1020
1023
502
358
380
307
210
361
892
1021
685
722
652
150
193
221
179
394
688
1023
912
938
176
170
153
197
112
325
709
1023
1023
602
251
101
215
108
185
483
929
1023
477
197
245
164
382
518
427
668
775
854
639
372
211
122
125
102
288
482
692
829
668
293
226
120
187
196
402
709
1023
1023
638
199
116
221
197
191
821
1017
828
732
400
77
216
272
126
202
659
904
971
983
413
100
118
153
340
576
654
916
1023
597
236
63
313
416
172
304
810
1023
698
486
585
317
137
143
438
743
764
884
797
418
169
157
118
93
478
613
798
741
824
558
77
271
119
344
621
456
514
716
618
538
103
365
477
302
470
811
606
371
390
260
223
231
143
113
478
887
1023
929
696
223
100
169
309
546
499
693
1023
872
251
71
171
163
70
161
413
676
822
690
450
618
194
586
88
329
945
1023
856
560
151
154
349
746
327
364
449
845
918
667
396
131
118
73
102
510
831
890
981
743
150
182
125
135
213
545
631
560
543
192
182
683
398
124
251
691
1023
876
815
440
272
609
134
94
405
653
667
578
389
750
638
153
184
189
404
778
848
1023
867
391
120
156
217
508
585
880
783
715
163
520
136
216
524
341
588
665
1010
766
684
161
376
191
119
365
724
814
868
640
99
147
136
262
377
334
524
812
804
553
306
131
118
88
116
425
874
1023
826
855
211
187
167
186
305
802
909
995
689
330
106
119
201
226
264
592
939
1023
780
537
229
166
502
460
741
911
977
568
495
705
380
204
215
461
708
1019
783
880
391
73
133
282
390
423
599
615
574
466
206
132
148
93
193
264
529
694
745
645
484
95
177
202
99
331
915
1023
805
659
301
113
149
225
328
396
372
402
678
584
635
394
480
253
539
563
610
816
909
698
430
180
120
270
281
561
786
827
618
599
388
149
211
127
340
618
832
936
625
290
133
139
287
110
374
838
980
633
439
91
117
263
90
144
454
748
487
582
292
192
127
133
66
314
795
491
288
1023
514
131
169
339
428
413
279
598
759
661
216
91
229
288
209
415
633
503
599
532
219
95
120
110
165
546
628
784
858
448
291
103
165
305
161
660
966
614
687
556
82
202
196
100
326
719
1023
817
430
211
223
181
101
97
346
1023
1023
918
640
179
95
167
119
236
359
765
1023
967
388
128
199
154
79
104
440
746
820
768
585
394
212
126
88
350
536
1023
1022
763
343
382
169
579
118
322
685
969
854
462
236
166
161
165
161
435
868
951
484
611
256
205
151
71
118
433
723
967
942
675
276
133
145
510
344
318
846
1023
929
456
280
249
396
200
356
829
1019
801
528
268
109
147
296
582
499
567
949
969
503
134
230
136
72
227
383
657
676
800
605
562
140
143
136
217
591
890
985
800
446
426
140
148
172
320
442
769
1023
692
167
108
222
93
236
387
569
779
902
523
128
243
158
139
86
331
537
607
653
1023
910
276
165
226
300
555
891
632
638
501
478
210
172
226
254
557
842
1011
486
298
267
294
117
129
446
537
519
910
753
729
111
115
92
115
530
912
863
568
370
63
142
380
59
183
652
861
767
801
570
125
170
317
65
305
604
1023
1023
840
404
92
157
146
124
424
1023
1023
889
646
317
153
138
105
101
432
1023
1023
570
370
300
215
137
109
235
558
810
921
735
491
393
184
126
251
192
486
472
747
813
463
335
146
105
123
340
598
691
842
701
427
207
158
112
140
346
721
853
856
489
292
284
188
162
170
450
867
803
739
319
110
125
119
59
116
486
794
553
496
268
367
489
248
184
402
760
872
697
607
316
201
130
97
322
495
641
709
710
729
239
111
130
328
296
507
723
639
458
288
188
244
146
73
135
471
581
801
708
414
195
128
121
71
233
612
998
981
675
247
391
196
191
145
300
600
718
715
734
372
128
163
140
234
544
1023
697
372
414
231
100
128
56
109
452
972
752
617
493
209
109
197
239
261
502
599
967
824
506
143
138
108
131
380
689
908
802
528
282
171
226
174
140
410
553
678
960
643
179
120
146
70
130
413
860
1023
930
632
95
188
131
62
215
552
1015
989
934
349
80
159
122
158
300
363
759
949
828
530
255
129
176
163
448
757
832
563
584
532
94
144
91
158
670
998
957
832
437
129
119
135
118
368
647
777
879
841
525
143
128
131
126
243
760
1023
918
697
298
132
162
118
119
294
844
930
935
749
554
319
219
405
131
409
738
1016
971
396
394
211
140
287
538
741
871
928
670
200
140
122
139
163
237
614
819
842
695
358
76
175
159
268
558
1023
1023
1023
564
73
171
270
92
139
394
590
634
745
654
506
156
155
124
168
352
562
1023
997
651
250
124
326
298
127
474
737
757
525
438
270
227
83
113
303
1023
1023
738
591
263
89
159
114
220
434
784
655
559
375
175
245
138
109
116
477
886
715
642
353
440
126
164
189
393
490
587
1015
858
217
77
140
185
76
312
929
1017
1023
645
218
112
223
332
333
474
857
704
572
575
329
115
165
181
464
668
782
817
767
519
224
232
183
448
454
654
856
793
661
282
72
113
127
104
319
829
975
800
670
321
76
135
143
346
369
280
236
644
1023
722
511
242
108
177
452
816
1018
990
501
179
133
120
104
320
583
700
1023
824
179
86
155
149
212
212
554
774
865
647
332
316
191
101
73
310
942
886
896
524
499
221
176
121
206
434
658
743
800
740
584
376
275
102
105
484
1007
1023
740
835
663
169
156
204
356
614
969
862
507
688
460
270
249
107
321
598
927
790
566
208
115
130
106
81
367
683
1023
873
594
251
101
120
85
107
518
870
995
704
321
220
419
169
260
517
899
891
702
627
308
64
147
123
169
271
618
983
778
621
448
289
143
108
222
437
692
1023
1005
539
232
125
253
78
198
463
667
747
684
634
326
220
163
135
252
529
763
1023
954
539
273
135
142
517
480
589
849
880
728
393
259
124
95
235
600
788
888
1000
694
268
117
120
114
123
478
816
813
860
735
380
108
301
227
157
342
888
1023
927
182
87
123
136
137
187
513
810
900
757
548
419
156
107
86
326
786
1023
1023
751
391
89
132
100
284
626
646
483
655
581
329
136
141
75
201
450
828
1023
726
602
168
116
139
314
322
620
633
716
825
268
278
159
129
127
380
802
906
880
949
819
191
269
261
109
370
765
1023
1023
606
133
102
217
283
340
649
856
1023
944
421
198
135
132
92
119
533
770
922
816
683
483
125
274
285
401
792
995
958
525
97
122
130
103
194
466
742
656
684
732
272
152
140
159
182
433
922
857
852
489
322
269
135
124
169
557
830
583
639
819
570
134
168
253
262
696
1022
861
673
471
125
204
410
406
352
619
801
750
539
195
93
129
253
302
364
763
948
477
704
597
212
153
246
351
542
853
816
584
313
217
125
115
121
172
432
735
1023
799
722
712
241
394
454
449
648
704
741
552
379
132
146
116
275
583
988
1023
842
416
72
190
202
114
395
878
909
797
709
406
261
124
165
116
116
588
806
949
668
417
337
124
127
194
294
457
856
983
659
365
334
173
94
222
478
839
968
916
626
550
275
519
349
118
485
676
619
667
546
251
125
121
109
342
561
578
850
949
639
488
156
239
264
286
623
809
1007
894
398
562
190
353
347
455
753
910
758
553
174
95
163
129
247
814
662
693
752
409
159
210
128
98
221
477
850
1023
882
476
346
177
118
267
584
632
806
942
735
359
181
121
117
181
425
723
866
813
702
364
183
242
156
147
350
676
718
484
741
536
151
169
91
427
896
1023
534
449
192
70
110
120
75
132
486
850
1008
855
646
268
329
382
198
268
703
1023
849
618
613
210
133
104
407
409
671
882
933
603
293
106
129
88
173
488
1023
734
540
617
255
146
127
192
330
513
631
783
