421
211
157
160
123
524
476
924
1023
885
318
177
158
97
111
564
1023
956
903
570
410
192
127
181
222
657
934
1023
758
249
74
138
135
141
302
756
1005
1023
816
460
267
127
184
237
870
740
1023
864
485
242
122
146
82
130
438
922
1023
999
501
314
114
148
219
169
474
994
986
841
569
157
125
147
87
257
608
890
965
785
547
413
154
392
298
343
684
915
1002
640
240
140
192
137
302
716
983
844
902
585
420
364
140
345
130
470
794
943
876
662
421
305
263
508
363
480
965
974
599
682
385
154
474
393
384
596
778
646
776
884
157
424
191
141
415
766
978
701
544
525
349
127
198
242
385
743
817
767
777
386
223
135
166
399
751
879
1023
778
360
106
135
146
81
240
581
750
809
649
304
214
140
110
123
300
687
899
758
831
755
120
153
212
243
428
832
1008
907
606
360
143
137
131
492
487
607
937
1023
709
352
173
267
508
879
564
547
938
671
288
153
135
126
123
334
699
897
912
786
558
122
148
110
205
505
890
934
863
595
286
250
172
248
344
459
777
1023
1023
673
182
127
190
161
311
697
1007
875
748
424
213
159
114
242
270
542
1023
1023
1006
485
178
314
300
405
346
487
750
1023
498
204
153
217
718
306
1023
1023
961
775
504
342
152
141
118
294
653
861
893
727
440
277
136
175
257
361
671
714
951
848
386
349
315
163
418
462
853
889
901
687
324
142
152
148
211
397
796
958
869
629
340
137
195
188
362
408
1023
722
533
194
67
394
191
113
176
488
849
813
712
513
284
174
111
110
337
782
908
614
835
673
130
156
147
218
451
837
849
1023
558
254
143
174
164
273
556
740
662
901
817
146
196
114
103
161
716
959
1006
810
147
265
461
111
127
369
666
1023
932
613
163
170
208
209
481
359
540
1023
1023
612
87
119
204
82
176
755
805
806
767
518
334
135
143
184
208
563
1023
1023
846
492
110
160
124
78
335
1006
915
546
632
568
203
404
125
110
659
1015
940
450
423
831
281
149
132
133
536
1023
902
681
828
486
396
131
172
311
646
926
1023
953
568
445
393
341
721
171
398
927
832
972
575
135
136
143
229
367
646
970
746
729
679
328
169
157
253
479
757
1002
886
675
328
113
153
212
268
597
959
1023
1023
599
259
151
119
340
488
774
969
857
780
625
321
305
195
88
321
809
863
874
667
357
180
154
87
95
364
761
974
888
592
281
341
161
261
344
562
944
1023
1023
553
203
234
276
256
334
711
725
694
699
465
201
116
122
184
348
538
919
989
776
424
95
140
110
113
380
655
698
1023
840
98
136
138
159
363
603
399
908
996
393
95
278
279
115
303
568
834
773
716
407
152
128
118
114
270
680
881
869
747
458
221
153
99
112
333
909
913
544
404
221
328
587
243
146
395
942
1023
919
581
417
154
130
84
210
810
893
881
880
491
93
134
207
357
331
651
809
993
857
459
154
155
157
100
334
903
943
593
765
799
247
128
111
201
606
857
385
786
694
589
529
143
324
281
484
806
905
827
535
283
165
144
204
304
642
1023
920
731
413
249
135
129
118
325
482
761
986
831
427
185
117
150
125
392
849
1023
1023
655
418
106
268
287
102
336
506
821
937
690
610
274
137
311
202
483
702
1023
1023
538
247
138
163
170
247
599
845
977
805
370
80
155
125
311
514
655
1023
904
694
655
221
598
278
323
386
926
940
664
689
502
101
170
163
317
693
884
902
826
550
319
436
225
662
222
513
1006
1023
841
853
476
344
373
354
424
697
871
918
669
372
307
143
110
188
475
921
1014
1023
704
157
170
140
121
104
513
1023
1023
884
556
332
241
133
490
188
422
586
1023
1023
331
200
156
296
357
452
415
696
919
683
417
722
308
339
98
347
716
979
884
567
235
124
135
118
307
467
681
739
996
654
297
116
137
119
169
573
1003
944
788
443
237
120
141
355
289
734
896
736
550
460
137
143
181
481
351
464
622
862
742
377
356
336
291
310
479
944
1023
988
578
120
197
130
65
187
592
782
725
710
323
265
420
213
113
250
636
1023
1017
683
414
157
177
124
187
394
740
1004
926
476
245
275
130
113
179
495
736
844
891
597
390
220
157
103
168
697
799
1023
719
237
228
371
287
88
258
656
923
984
932
535
270
170
132
661
406
349
596
830
774
472
158
147
134
290
415
508
971
984
662
297
128
146
80
172
454
755
794
848
770
307
276
122
99
210
739
1023
1023
845
514
251
166
126
83
309
808
956
898
778
361
239
164
102
139
428
860
935
932
793
247
123
159
75
281
398
912
860
641
371
218
209
160
83
169
704
1023
416
799
639
165
205
200
197
163
503
936
922
855
451
86
294
391
466
662
867
1011
997
705
406
184
116
130
236
378
851
1023
931
585
359
162
139
191
147
548
1023
795
875
591
329
156
137
194
295
574
565
1023
1023
485
119
161
239
149
299
711
807
954
819
435
95
142
95
121
415
680
911
894
613
632
109
175
264
117
613
1023
1023
928
569
304
376
234
148
279
727
1023
990
862
525
336
141
186
195
365
529
580
979
847
563
322
157
94
116
414
721
783
992
969
365
160
124
185
239
486
818
945
879
662
188
122
132
71
148
480
779
868
822
668
349
164
131
189
239
619
1023
1023
610
262
125
270
125
366
332
573
963
903
787
287
158
210
213
236
760
477
655
855
593
187
172
149
123
247
413
553
1023
879
367
112
127
177
225
143
520
754
976
964
659
449
194
119
223
287
783
1023
905
534
400
352
185
147
415
445
723
898
952
537
211
250
145
73
203
497
1023
1023
675
375
184
186
160
142
410
743
899
773
787
488
310
249
136
76
292
702
908
1023
640
507
179
226
250
391
518
605
726
733
516
197
186
138
116
213
421
984
1023
609
327
464
717
197
677
561
488
653
750
779
483
235
193
117
180
322
737
876
853
718
269
85
147
143
110
321
722
953
901
812
344
129
203
94
161
377
590
883
859
597
312
160
139
102
240
503
813
1022
899
654
224
182
149
110
204
586
907
940
1011
429
289
165
246
327
400
720
916
1023
828
297
180
175
201
106
320
1023
1023
652
379
114
408
202
100
190
468
899
945
858
601
323
173
131
135
204
562
894
939
750
420
273
159
121
240
291
699
939
901
631
313
361
247
130
263
351
593
929
958
724
373
97
220
231
155
338
693
1004
1015
492
193
117
122
209
156
483
811
1023
800
264
204
164
168
315
227
489
717
841
707
397
196
154
97
118
363
671
779
782
766
455
99
161
99
92
454
1023
1023
834
360
331
286
146
160
301
516
962
908
891
400
73
142
138
267
162
396
1023
1023
905
402
203
156
120
306
405
951
1023
631
533
455
279
146
108
152
440
1023
1023
1023
600
177
169
226
318
151
474
903
1023
842
344
206
137
160
322
222
502
883
1023
798
435
215
149
224
191
280
654
913
818
677
298
267
143
190
334
438
786
1017
887
552
330
218
125
230
177
373
928
1023
934
469
220
216
114
212
513
656
804
847
838
502
271
128
123
77
227
674
1023
932
696
301
191
230
327
114
406
793
896
897
680
426
294
179
143
115
686
937
891
724
512
299
141
186
77
120
513
807
1010
818
543
319
145
141
105
195
573
623
1018
838
272
255
144
150
98
630
869
704
691
585
512
278
135
160
225
479
763
918
977
519
171
106
142
121
228
494
923
1023
885
476
188
127
122
73
233
574
924
901
659
371
133
158
104
97
260
670
953
894
744
433
182
164
123
321
308
817
964
571
421
474
216
138
99
246
520
636
825
857
613
253
126
132
129
216
595
891
815
700
1016
295
178
405
155
299
696
977
998
837
402
174
136
195
224
374
772
844
825
691
316
166
130
134
249
395
703
1023
969
560
335
161
183
198
223
476
860
998
1023
486
102
153
257
115
176
590
946
949
849
400
201
126
108
185
367
506
910
1023
761
441
267
121
202
338
472
874
963
644
445
491
196
198
133
171
483
741
869
871
671
308
128
144
101
254
717
885
893
708
166
166
466
489
116
332
852
910
878
846
528
216
138
106
236
399
825
1006
932
719
141
134
147
73
211
438
848
881
788
472
237
554
176
303
433
616
966
1008
768
586
283
168
142
183
570
723
747
997
747
281
313
312
132
376
453
815
843
868
662
391
281
157
133
265
480
875
851
730
499
521
232
144
137
257
705
1023
988
790
573
331
236
249
97
416
813
700
742
831
504
139
140
135
202
373
603
804
870
854
630
322
135
223
328
482
698
870
927
556
172
124
170
137
373
495
644
895
943
526
140
145
119
133
239
600
705
776
709
467
436
150
234
194
288
677
984
1023
756
237
89
164
103
287
442
720
880
889
510
387
347
172
325
206
525
1023
935
746
451
165
107
171
182
178
525
895
911
754
369
171
143
191
91
262
680
815
1023
786
273
114
216
148
105
620
1023
693
536
628
237
142
147
275
219
448
1023
1023
898
469
298
191
126
88
179
569
927
959
854
593
258
146
108
231
339
666
893
899
698
433
189
146
110
230
315
646
880
704
554
293
156
179
99
242
446
716
794
824
665
315
131
132
100
486
736
665
456
610
495
372
312
137
139
363
702
920
946
780
309
167
241
101
244
352
656
879
847
604
335
356
148
259
482
344
468
1023
1023
618
257
184
172
151
215
473
921
