734
696
352
214
137
105
238
449
674
956
775
592
168
88
120
116
194
423
728
609
860
600
74
120
414
139
609
335
711
1023
1023
223
62
150
111
295
143
478
914
707
581
543
261
132
156
223
292
589
856
742
687
298
81
228
88
94
323
578
795
796
705
348
110
120
123
243
606
1023
836
759
252
95
341
164
71
195
440
784
856
782
474
118
550
201
521
442
461
652
903
632
247
105
120
145
95
299
428
704
845
908
383
117
147
258
162
311
748
800
848
503
373
181
115
146
161
452
1023
639
568
522
323
179
120
300
394
726
672
797
702
509
306
241
168
306
584
519
523
683
585
424
230
152
239
203
424
804
988
880
352
142
277
154
103
282
527
894
830
609
419
367
111
179
47
254
576
1023
1023
709
379
245
111
174
197
297
637
745
635
673
337
175
130
172
311
277
624
1023
968
642
144
94
153
259
339
460
590
645
597
466
265
192
163
289
130
323
897
1023
685
476
350
182
705
169
289
402
781
943
744
378
193
166
96
198
380
464
947
1017
559
515
559
239
84
459
518
769
1023
1009
562
82
113
132
101
273
667
1020
990
920
338
153
126
117
79
215
535
641
893
795
533
212
125
436
351
370
1023
1023
564
777
720
188
165
95
232
357
648
774
824
808
385
247
188
136
108
462
871
913
786
370
138
175
133
175
200
517
798
561
557
349
237
256
159
108
324
704
789
913
667
298
497
157
446
103
319
486
515
1012
934
723
94
262
166
242
471
788
853
717
639
210
105
258
149
230
717
913
579
580
396
347
142
261
69
169
542
897
983
772
478
338
118
235
281
361
609
726
822
591
731
529
187
427
221
393
734
850
748
399
418
500
300
61
168
427
1023
850
779
824
370
165
158
78
377
756
907
641
502
225
346
411
152
100
250
609
941
857
724
332
160
119
91
87
406
899
1023
830
577
322
126
110
215
280
475
715
676
727
409
203
130
139
66
157
528
732
828
839
597
116
183
163
143
322
650
816
676
617
337
149
131
129
143
368
667
874
1023
452
116
143
140
173
253
413
665
610
722
679
297
361
129
178
208
410
805
764
860
587
284
117
153
125
364
633
739
750
620
271
445
427
101
362
327
534
885
885
663
435
440
324
114
613
428
541
727
1023
749
145
129
144
68
123
535
785
402
570
678
324
113
122
57
239
529
790
677
708
390
375
297
107
182
350
721
404
1023
1023
467
96
194
86
145
319
617
902
603
585
311
87
146
154
203
319
642
913
809
459
249
240
389
229
124
329
582
873
833
419
320
103
128
109
425
666
833
855
584
293
269
139
90
104
297
418
728
1023
1023
450
100
167
71
128
369
526
630
1023
932
175
115
113
118
107
420
798
797
724
383
289
336
146
261
131
525
958
883
724
922
131
141
200
71
237
486
892
1023
563
117
261
116
100
127
340
664
842
763
463
758
311
209
152
145
389
605
746
774
511
348
190
116
191
201
691
1023
742
425
518
343
113
198
78
217
503
857
984
827
399
126
113
91
224
371
396
847
1023
738
89
190
211
67
126
351
694
791
796
553
324
166
179
177
410
396
765
995
726
244
108
121
125
123
251
510
619
658
649
382
277
132
116
91
402
783
796
937
621
192
100
105
90
93
370
677
929
610
485
428
321
155
142
306
587
794
682
687
526
203
137
235
100
142
387
544
690
1016
909
93
291
229
234
216
751
916
817
601
317
118
233
137
200
354
751
918
718
655
308
102
156
117
132
367
457
725
1023
590
285
206
150
132
206
484
770
929
752
418
247
126
121
131
244
634
822
1023
726
363
92
130
248
318
261
492
923
683
532
463
268
116
266
258
417
630
823
775
548
326
117
133
97
174
376
667
677
711
514
433
257
156
123
257
641
650
784
705
490
344
124
127
384
256
410
783
829
651
369
159
138
95
230
403
666
860
781
473
333
159
110
158
222
498
442
1023
877
299
172
169
219
60
106
556
935
990
577
391
372
120
118
234
304
497
735
730
578
287
271
263
98
327
349
706
711
626
550
294
180
206
103
154
483
825
953
824
512
304
106
146
117
174
421
622
969
818
457
280
198
139
67
183
550
776
825
782
431
254
105
115
146
358
514
725
1023
572
85
348
150
92
540
431
387
354
835
916
715
115
391
202
129
383
821
859
733
432
280
219
117
323
144
417
939
937
772
396
95
113
187
112
313
611
806
826
714
400
218
120
115
132
486
462
604
1023
623
72
84
136
83
125
433
761
716
853
615
106
119
135
55
163
464
777
866
732
548
209
278
119
359
584
387
853
1004
590
419
142
117
94
210
329
595
787
622
645
435
202
169
75
386
396
565
850
901
626
367
92
189
89
112
434
569
873
901
485
187
115
177
56
141
546
786
701
583
266
262
288
102
79
279
543
773
764
716
382
134
129
76
109
448
572
754
1015
610
443
143
145
150
190
532
884
670
606
505
103
461
156
627
412
418
346
496
696
351
390
180
150
222
234
626
1023
1023
754
489
167
164
103
77
276
681
896
938
657
361
96
131
155
86
339
621
805
856
522
450
291
116
241
388
549
551
792
757
554
212
175
131
100
269
668
739
839
731
423
106
116
131
138
364
557
818
732
757
480
100
136
80
70
402
825
874
679
428
403
225
316
199
323
542
832
1023
850
524
235
93
149
69
274
410
507
674
586
377
560
483
237
133
359
500
804
940
766
448
351
107
100
149
554
923
504
593
548
286
188
110
74
168
476
743
895
681
614
248
103
132
135
228
497
581
869
714
550
250
166
115
341
368
875
590
475
560
392
69
139
97
133
318
630
780
1023
573
150
79
147
140
240
508
939
632
603
471
145
126
113
96
205
413
680
703
860
597
216
107
101
151
279
635
726
689
773
497
408
151
415
82
267
544
714
813
727
349
98
124
115
158
309
846
956
791
566
310
108
159
94
123
355
793
942
775
868
510
139
347
314
238
427
882
924
903
220
112
158
120
83
195
987
1023
763
876
345
110
190
123
155
375
587
734
817
637
380
198
130
128
365
467
529
804
780
464
189
141
139
167
121
350
633
952
798
499
305
200
114
328
189
385
770
792
712
475
446
120
130
128
293
671
805
517
700
538
322
162
94
242
398
576
829
770
690
366
88
123
140
277
574
601
1005
845
325
196
125
102
70
151
452
744
787
692
428
489
371
398
92
295
729
863
742
581
243
100
347
120
457
304
450
862
840
616
397
311
150
72
210
524
742
720
674
480
277
160
127
179
186
322
936
1023
481
314
225
156
120
83
253
632
923
914
723
420
54
125
155
285
278
430
779
810
620
305
124
162
120
213
462
762
823
494
458
372
222
123
65
335
533
650
670
605
347
83
114
176
61
216
532
692
614
617
329
184
226
124
54
240
752
1023
952
652
294
98
119
147
88
486
875
1023
1006
600
161
159
127
203
208
487
864
627
582
407
524
103
210
90
106
484
801
1023
833
214
384
133
119
188
990
511
302
658
756
431
248
131
156
248
423
661
710
779
585
300
221
123
349
113
410
735
816
820
606
384
246
115
366
205
371
839
550
594
486
424
264
118
148
393
539
684
551
526
391
230
151
103
116
263
521
838
777
623
393
247
113
109
87
313
575
798
964
562
120
204
165
124
206
487
744
708
743
419
373
142
132
107
103
450
999
526
452
463
446
450
546
629
678
899
963
687
442
152
69
113
105
135
371
704
845
829
603
234
111
284
105
387
537
745
740
793
442
169
276
155
78
180
503
627
625
667
486
329
136
138
63
225
551
920
900
671
477
301
121
100
126
431
832
922
905
692
220
106
139
158
192
457
569
757
745
509
185
236
162
67
530
516
450
560
584
475
361
274
121
292
359
568
1023
983
780
448
135
166
167
402
346
376
535
509
543
472
309
144
84
171
331
577
827
821
707
367
124
113
220
328
414
802
642
632
498
406
220
113
85
177
522
737
978
868
466
166
116
95
80
204
587
1023
1023
446
106
69
163
87
72
319
719
925
896
461
186
104
531
119
128
340
670
917
834
583
298
164
122
136
134
583
856
389
930
619
194
104
160
65
147
582
850
928
671
468
348
138
340
119
328
593
370
532
747
609
271
109
87
169
417
495
799
706
540
426
137
234
151
312
430
847
1023
1023
635
61
104
109
62
208
546
803
666
591
465
437
587
303
446
326
630
1017
952
833
478
106
128
164
267
472
627
706
569
529
696
103
195
79
118
510
499
431
862
655
498
112
222
58
104
414
646
808
750
453
273
119
116
140
320
593
684
723
617
372
344
200
182
237
514
637
607
830
620
275
224
236
76
239
370
769
905
834
610
387
273
232
349
181
364
737
850
720
511
414
124
282
159
220
523
1023
414
558
926
454
150
101
159
332
669
1023
876
675
317
61
134
115
274
358
739
467
739
636
295
208
125
119
346
364
463
752
684
493
351
143
115
92
218
751
438
721
805
523
244
126
108
56
220
666
1023
737
476
373
194
232
105
290
395
526
707
709
618
360
175
124
122
69
333
747
727
715
670
367
152
132
89
225
537
822
928
713
221
405
155
131
86
430
558
601
688
604
586
243
137
114
81
306
555
786
810
583
401
384
145
77
159
354
907
840
715
616
242
207
120
205
