283
129
244
87
279
678
928
893
772
492
204
184
183
237
397
828
874
903
668
94
176
235
91
286
547
996
938
636
432
84
127
319
129
136
533
846
1023
1023
354
65
218
201
137
216
603
808
1023
650
397
355
248
106
256
341
747
742
945
445
734
373
116
87
175
509
642
785
719
564
351
131
197
71
277
645
867
942
984
372
90
222
117
137
153
684
1023
853
767
392
167
219
173
156
388
764
988
964
685
323
189
146
112
191
390
723
869
679
1018
684
120
161
437
108
617
876
903
926
618
409
261
176
362
310
494
879
912
1023
577
176
121
150
249
315
621
1023
1023
808
109
258
145
282
84
386
664
849
894
717
402
278
145
161
229
450
904
1023
998
809
339
152
255
161
193
597
902
885
898
578
184
203
167
664
272
532
713
621
856
559
271
130
103
151
330
611
894
907
688
418
263
140
192
242
394
647
838
959
755
792
482
798
459
181
411
686
783
939
784
390
138
115
260
146
778
1023
1023
786
366
169
137
201
169
311
645
638
665
1023
538
194
137
217
179
473
947
1019
913
687
125
99
246
96
223
370
872
1023
979
441
532
155
131
268
324
564
691
864
715
729
230
146
187
135
301
527
825
1020
871
677
281
138
207
159
382
774
790
926
644
354
255
186
107
191
423
770
864
804
869
237
362
184
436
368
552
992
773
675
678
463
160
127
85
132
586
1023
1023
717
517
379
385
168
342
455
716
933
954
676
336
268
130
139
251
400
614
1023
873
501
215
196
132
79
236
522
871
934
1023
666
76
142
144
142
307
666
682
459
732
711
424
158
105
245
318
794
742
787
597
248
229
195
94
139
373
1023
873
689
530
346
218
152
75
281
591
991
953
694
555
534
131
179
338
244
424
763
741
655
579
380
225
122
101
258
637
930
1023
757
234
342
263
127
120
407
874
735
693
614
824
345
219
158
116
526
934
1000
1023
545
103
597
162
247
266
505
949
954
920
527
302
156
218
135
211
579
1023
964
817
527
333
213
93
566
864
496
594
773
572
360
165
155
142
248
318
673
1023
861
626
366
207
137
97
133
484
801
947
869
796
289
138
147
143
152
602
718
814
715
667
666
733
528
503
244
458
1023
1023
995
220
280
172
539
136
332
589
989
1023
828
290
218
284
250
352
366
761
830
816
561
423
198
238
72
302
518
994
843
790
713
532
173
145
407
272
650
947
826
610
246
181
139
210
86
301
675
1000
1023
965
193
96
408
142
408
399
630
843
805
478
110
132
148
86
125
479
677
954
1003
570
377
213
127
402
609
596
635
883
870
435
173
123
164
152
322
623
1001
948
772
418
227
150
293
275
311
541
1023
773
536
320
249
169
136
238
487
863
1023
695
430
454
196
144
406
166
395
1023
837
572
403
325
191
115
133
429
374
825
992
791
568
290
118
167
235
382
563
682
880
666
498
327
194
92
304
440
836
1023
976
566
89
264
293
132
245
438
758
906
854
662
374
344
227
185
306
842
1023
1023
678
346
106
282
118
82
256
495
745
804
771
544
565
127
113
167
348
680
826
930
689
485
302
222
95
163
511
800
1023
1023
478
343
158
184
259
310
627
885
908
725
307
180
127
112
168
241
579
718
993
884
525
187
130
141
249
330
725
982
866
525
355
335
132
81
222
436
911
1023
557
292
190
276
244
271
256
550
680
1023
463
636
605
291
141
130
266
590
856
910
838
522
140
145
103
224
388
784
881
752
699
555
199
149
102
96
411
812
917
761
570
432
224
150
184
153
483
703
616
826
1023
702
134
576
227
149
492
840
892
831
603
222
144
182
119
441
698
801
1023
723
460
149
149
97
135
428
626
705
606
578
590
308
195
124
310
463
729
863
948
283
211
345
314
103
434
437
729
1023
851
529
369
132
124
105
206
719
1023
970
479
160
596
239
137
125
300
630
1023
859
735
512
224
138
109
190
462
1023
971
536
542
421
141
124
86
226
439
870
1012
868
516
271
122
127
196
341
537
695
958
827
633
181
126
145
136
307
575
928
911
805
631
89
176
157
121
332
790
1023
1023
804
516
428
298
99
741
534
641
1000
958
625
301
130
144
78
250
753
986
1020
835
485
342
156
155
309
293
685
925
992
726
271
107
141
181
102
407
867
997
883
569
398
262
165
67
127
372
1023
907
611
502
335
127
172
89
169
409
788
922
818
672
662
439
325
235
372
746
1023
949
639
450
382
168
117
119
381
889
937
1006
842
519
213
147
120
150
710
887
1023
627
539
95
165
159
74
147
427
928
967
881
463
255
156
136
71
109
487
941
1001
854
556
231
128
116
105
288
773
1023
1023
798
320
147
120
304
145
352
720
943
963
513
106
81
342
212
106
469
879
1023
1023
541
349
162
123
84
162
1023
768
650
833
532
316
147
175
56
272
706
882
992
786
310
161
128
187
127
321
647
904
844
704
452
164
136
153
246
472
999
1023
774
685
434
184
144
134
251
388
883
994
919
883
235
126
278
193
243
674
903
937
777
366
122
125
140
81
323
723
971
1023
1002
472
97
165
113
222
522
906
1023
582
575
635
421
130
285
230
450
734
808
946
799
426
163
180
240
289
787
984
771
699
329
289
162
108
92
240
686
731
1023
912
236
160
206
105
446
662
958
900
588
562
503
254
260
183
127
400
1023
817
684
501
312
186
179
147
248
503
948
1023
1001
606
87
209
303
264
437
611
697
801
705
662
473
211
101
257
383
1013
486
948
765
427
101
284
102
92
338
696
870
873
608
242
190
150
81
195
385
844
978
845
683
263
275
329
159
413
613
898
798
730
515
260
424
148
426
257
503
876
1023
744
395
218
177
121
138
488
725
898
897
771
682
130
162
93
194
511
1023
790
611
718
462
213
174
417
907
481
313
648
891
542
343
225
111
338
302
642
811
685
801
747
316
172
136
93
325
859
1023
879
779
544
277
150
113
218
458
763
964
827
571
316
300
159
397
250
356
396
941
1023
553
214
117
121
118
154
507
933
1023
933
428
196
124
120
177
319
647
709
652
829
833
163
151
112
217
361
656
1023
1023
690
410
118
170
294
179
407
840
1023
914
374
216
327
182
585
181
388
1023
1023
750
546
299
120
122
171
220
669
868
922
717
497
88
396
788
150
637
911
790
905
721
578
196
148
215
214
432
711
858
819
673
395
210
144
124
518
609
966
993
639
369
232
190
140
84
180
616
954
875
1007
629
167
130
131
239
422
601
866
1023
921
300
130
141
125
355
411
808
930
863
614
377
146
158
91
208
442
934
1023
957
642
266
392
154
151
158
492
881
932
685
493
301
272
111
140
409
652
911
841
743
658
733
242
244
83
346
568
1023
1023
878
349
276
131
180
304
659
993
799
949
451
139
187
203
176
235
533
729
856
705
396
618
147
220
226
303
735
947
879
714
423
165
128
103
181
341
685
843
817
823
631
117
197
231
376
445
840
921
1023
549
384
464
271
332
127
462
1023
1023
777
375
365
139
115
159
208
787
1011
888
758
437
259
147
178
125
296
674
853
881
622
394
142
187
101
169
386
781
994
958
816
343
179
133
244
131
438
1023
996
709
492
308
150
468
78
374
605
988
1023
833
689
504
163
266
613
446
457
660
883
677
283
80
259
345
296
650
837
889
961
731
421
335
198
665
364
468
961
797
698
601
462
282
119
164
151
791
1023
806
824
503
249
141
197
219
221
496
834
866
753
458
162
187
162
464
445
624
594
825
662
492
359
172
233
280
427
717
1023
955
604
244
134
135
162
379
555
838
785
736
589
308
148
112
121
195
473
1023
875
692
291
123
134
122
96
308
751
1023
1023
790
510
146
132
97
269
359
727
827
832
611
472
114
138
128
249
399
946
737
717
613
444
174
125
188
169
464
1023
1023
715
452
327
173
166
242
303
654
814
927
768
514
253
173
146
110
302
617
955
978
683
463
279
122
97
128
545
908
1023
903
565
371
249
143
81
516
715
692
960
838
577
155
135
120
79
234
614
765
1023
927
596
275
171
116
255
316
612
780
1023
949
386
204
161
89
83
435
934
836
960
598
218
131
183
69
225
470
690
1001
860
582
363
140
180
250
317
524
804
964
842
484
266
127
110
69
327
576
799
975
807
462
156
147
157
114
419
856
1010
844
648
393
357
172
130
245
413
743
748
964
857
463
167
235
303
311
371
720
1023
920
662
364
129
111
80
293
931
1023
746
792
504
281
127
160
222
283
630
1012
1023
696
262
291
350
179
446
397
868
847
716
571
466
359
135
103
247
458
1018
1023
949
450
243
140
139
70
167
651
1023
898
824
510
212
197
121
200
250
878
1023
1023
849
424
115
238
89
214
461
793
1001
1023
756
481
86
226
81
138
508
961
998
799
604
225
115
175
315
721
772
661
829
764
530
304
124
157
160
256
586
674
735
795
690
117
139
322
98
446
889
785
756
718
434
316
143
224
150
543
816
763
870
747
208
167
183
66
265
407
679
839
941
748
414
256
125
194
222
844
1023
1013
882
464
311
167
112
237
352
653
911
1023
804
270
68
129
148
255
383
616
917
904
959
100
91
118
90
225
432
761
1009
1023
393
199
193
167
62
433
889
400
721
936
566
366
102
156
68
207
570
783
778
827
529
174
101
122
244
298
712
742
818
593
415
154
122
94
105
389
843
