134
218
295
380
361
703
874
620
113
230
491
362
473
638
819
728
477
440
391
93
92
466
732
1023
841
548
253
445
194
97
189
293
704
815
756
467
580
439
653
482
120
836
1023
928
622
465
393
213
268
117
175
855
1023
1023
468
112
604
366
315
416
250
469
509
789
443
129
128
112
95
127
751
924
511
324
779
299
103
264
426
432
280
416
973
972
711
241
131
129
114
266
635
1023
855
859
379
140
482
251
135
242
326
876
880
691
493
111
372
372
202
267
570
350
474
425
658
349
139
369
370
245
293
319
517
636
469
135
147
173
116
259
551
981
762
371
175
101
319
224
226
806
771
716
466
310
178
127
252
111
281
674
475
388
426
329
240
193
454
119
397
352
622
825
942
854
552
171
269
446
594
1023
696
337
353
343
157
248
407
253
258
353
704
773
909
578
268
148
133
313
794
966
1016
808
279
97
119
145
330
349
604
598
447
346
348
238
210
90
181
322
363
665
668
431
435
315
145
86
96
311
429
262
369
465
675
946
691
410
457
495
829
698
450
190
152
235
90
127
255
616
884
833
431
183
149
124
280
363
424
395
304
338
568
679
506
287
243
261
550
916
245
383
307
388
458
595
794
231
402
697
823
633
584
454
344
169
124
271
634
522
435
422
215
429
373
146
275
334
757
932
924
348
433
254
171
204
190
298
604
575
752
704
338
183
129
380
379
383
440
378
523
495
356
346
103
81
211
385
468
518
614
189
487
542
169
152
297
593
816
970
717
537
380
146
243
119
650
829
730
914
723
335
141
435
612
527
468
417
183
325
250
437
391
193
129
220
648
793
434
379
171
109
251
128
83
242
475
874
1023
810
297
206
369
772
430
297
414
453
561
727
455
243
127
81
225
419
759
757
602
390
77
133
169
96
150
345
228
365
469
437
510
245
137
168
421
525
652
602
695
271
120
138
387
324
287
450
678
700
647
404
346
151
74
319
496
516
806
795
254
470
309
116
116
112
535
717
627
355
442
147
223
684
758
193
559
576
499
453
462
516
636
146
112
398
1023
941
810
783
189
119
155
147
276
375
371
755
561
516
468
115
194
126
210
260
267
711
1023
849
334
304
157
146
446
662
670
849
776
707
348
206
291
423
423
492
500
1023
737
158
147
175
92
114
290
655
702
1023
731
429
136
214
402
103
320
664
589
643
212
71
289
163
162
220
370
691
655
474
371
300
267
357
621
437
492
1023
1023
1023
625
221
180
106
475
482
633
766
484
626
377
112
234
200
123
344
770
1018
473
346
355
220
168
160
624
924
834
397
313
315
269
231
209
218
231
533
346
367
391
368
414
296
196
164
576
1023
987
450
304
165
443
171
181
178
280
441
647
468
403
575
403
155
292
253
513
399
407
688
653
287
149
110
105
126
460
1012
869
520
120
102
170
121
216
268
405
372
1023
1000
115
103
105
95
322
284
435
498
443
673
638
907
387
151
176
274
514
624
586
200
287
381
272
355
266
298
771
764
889
557
303
130
133
136
284
413
661
904
611
274
83
130
126
82
316
699
688
790
467
188
196
201
492
315
416
360
325
394
476
570
404
125
89
147
365
323
217
420
401
359
206
118
433
275
377
483
688
580
370
469
158
99
146
392
428
493
428
310
105
140
291
717
388
361
715
792
724
470
419
456
240
133
674
807
547
455
619
482
349
136
149
212
377
779
1023
785
356
198
354
231
355
210
419
278
558
861
1023
1023
312
223
117
168
315
548
743
740
659
326
175
204
80
113
325
451
816
684
732
391
123
126
116
199
449
725
629
446
277
262
207
275
118
270
461
678
759
440
203
306
318
148
347
263
334
803
1023
851
388
101
559
368
93
250
271
464
694
547
90
162
283
521
351
252
596
771
790
596
702
606
152
421
254
337
465
784
552
179
374
315
214
462
334
662
383
252
299
231
85
202
233
149
316
280
382
705
697
761
442
149
116
172
401
670
904
819
557
657
486
201
177
555
1023
1008
713
578
292
101
132
124
101
219
368
608
691
665
618
346
146
156
276
348
388
472
485
317
98
208
278
106
174
290
334
438
550
403
205
185
221
155
155
295
365
570
712
834
605
213
280
83
256
504
702
866
706
136
306
122
146
203
322
415
448
293
347
260
199
248
89
96
248
487
652
665
613
545
342
126
339
497
400
625
586
450
196
141
260
123
125
376
617
592
321
371
130
369
249
111
120
266
342
205
397
900
941
600
142
156
102
269
253
651
756
534
257
426
127
276
270
295
443
421
487
221
280
186
179
168
186
553
948
849
438
182
219
293
127
202
193
482
629
603
496
211
156
138
160
106
303
531
712
800
605
415
259
608
425
122
414
908
1023
879
677
134
272
241
95
183
275
662
973
788
420
182
172
183
108
428
359
643
511
470
633
140
627
126
82
236
272
173
259
409
498
283
439
380
113
287
599
870
700
538
398
119
241
107
136
282
416
588
600
610
420
131
165
103
122
333
562
722
683
552
145
229
147
102
246
249
428
750
678
321
135
121
114
113
469
201
515
942
1023
686
247
130
159
219
453
993
687
413
234
263
316
220
92
510
279
664
1015
1023
1023
359
121
135
213
242
662
759
702
1006
686
429
250
168
368
276
490
813
1023
820
483
108
175
133
248
465
667
875
743
350
122
140
151
117
214
307
362
333
500
415
514
486
144
101
134
410
668
695
664
385
225
240
112
85
208
569
806
694
591
154
105
127
95
262
253
550
671
725
649
538
455
134
128
155
440
453
533
595
547
426
123
138
74
311
269
680
912
685
411
378
117
110
197
194
310
315
836
981
543
428
388
138
250
505
741
934
942
464
89
101
307
212
144
272
442
421
688
551
242
388
291
91
377
683
963
786
648
156
113
231
105
155
161
347
595
603
550
547
325
195
386
441
291
266
252
585
557
352
80
140
108
127
245
461
786
584
398
107
124
279
325
151
353
545
706
726
567
343
118
115
138
201
413
512
478
519
304
252
121
108
90
225
299
452
655
578
519
733
927
476
207
894
1023
1023
875
541
272
85
184
85
102
367
902
957
726
617
111
188
115
132
155
332
538
957
857
509
93
191
176
82
190
259
271
622
675
772
208
130
113
113
275
388
596
655
419
157
117
119
138
382
289
399
819
720
439
267
153
181
109
124
378
491
567
477
322
212
206
97
281
123
667
910
1023
684
108
138
269
193
132
282
475
767
653
456
122
181
178
178
168
230
547
723
342
349
551
111
147
102
272
313
249
562
900
980
833
342
139
91
121
336
711
855
557
444
125
148
111
83
190
356
453
664
698
463
116
94
147
326
435
441
460
400
395
269
513
430
109
244
432
879
636
487
635
386
127
345
317
131
318
467
448
323
175
167
177
121
98
124
318
549
367
361
180
277
578
374
109
391
900
898
349
352
124
96
113
184
184
255
279
491
561
494
558
263
92
179
131
437
924
1018
832
427
469
103
192
438
577
385
490
579
415
415
190
159
200
193
261
422
790
1002
579
856
735
129
330
622
832
789
618
475
465
212
155
282
140
151
422
881
1023
1023
604
334
147
262
524
719
902
800
406
396
227
127
97
120
85
192
869
1023
855
438
466
274
143
283
177
282
486
562
671
550
117
96
123
94
155
327
490
457
576
371
95
295
274
256
143
388
498
521
643
432
430
148
148
144
150
312
562
797
626
317
373
429
387
114
305
637
663
873
771
462
113
202
238
359
301
263
431
520
375
287
605
458
294
118
403
795
813
806
323
83
153
136
176
190
487
631
565
456
405
243
183
137
300
348
476
495
588
410
121
103
160
118
271
384
382
567
737
688
379
327
326
223
132
426
838
598
733
509
230
335
149
228
271
454
872
864
673
303
88
120
310
209
230
633
661
868
349
147
200
106
329
533
237
253
266
703
558
323
121
165
198
110
354
432
318
399
407
203
213
146
84
141
284
486
502
597
361
378
155
110
128
176
377
279
352
500
207
239
196
89
226
241
363
588
389
439
475
444
302
195
80
338
694
918
878
356
151
90
132
811
318
468
674
853
959
764
592
241
201
553
364
439
716
788
355
173
71
152
386
616
210
508
722
779
646
542
633
326
133
351
509
800
667
558
477
229
104
140
213
219
264
396
723
750
410
224
149
141
141
187
313
405
683
544
680
507
174
220
395
172
269
319
716
593
410
88
129
141
81
284
584
591
385
315
108
263
463
433
167
280
722
882
1023
567
127
130
139
83
199
282
451
468
422
396
104
411
327
77
227
332
513
406
465
398
260
184
384
361
241
311
666
880
728
636
582
367
126
137
334
535
650
779
592
238
209
128
104
86
328
501
355
391
415
360
357
354
201
590
512
747
427
335
194
397
278
115
119
167
253
293
412
684
593
569
254
147
78
272
585
624
673
747
543
377
180
109
180
288
329
460
574
821
546
270
101
402
165
307
401
995
676
628
213
145
111
176
322
677
807
535
474
125
295
399
143
339
242
272
277
331
513
436
347
496
209
159
305
719
823
514
308
116
110
333
149
219
263
481
752
1023
563
454
567
142
101
715
739
522
280
453
401
328
419
189
90
193
437
1023
929
891
807
99
272
503
568
241
264
202
454
817
