519
149
149
205
127
307
462
898
1023
451
283
151
140
125
281
443
329
605
648
211
195
382
303
135
255
583
619
836
701
317
110
157
123
147
291
472
651
744
638
248
168
149
231
328
316
424
789
1023
558
186
138
145
184
344
303
822
1023
1007
660
213
159
156
115
142
569
962
1023
762
273
152
151
115
120
260
510
656
829
595
506
489
146
227
155
378
597
584
604
451
268
208
149
117
327
460
886
805
1023
541
114
325
433
460
212
409
528
617
527
391
176
255
165
350
324
354
709
747
815
670
306
276
592
454
257
354
593
618
588
284
175
443
227
124
286
283
369
630
435
141
161
278
211
153
352
645
696
600
456
217
279
187
141
336
705
958
1023
739
329
159
363
383
104
373
377
416
538
570
172
212
147
190
172
296
750
427
438
349
106
143
132
108
121
316
590
725
561
400
306
192
124
97
150
426
892
957
739
555
144
193
170
202
323
487
643
675
397
147
75
160
135
249
323
488
618
809
726
502
180
115
177
388
440
616
673
608
349
141
166
177
240
151
347
569
705
764
851
291
135
147
149
700
1023
980
658
530
141
104
143
168
200
329
462
621
750
458
393
400
371
121
303
600
940
757
626
374
212
127
167
105
155
588
586
406
500
321
374
310
210
104
231
364
753
869
694
328
196
143
181
125
329
512
606
870
732
181
338
312
92
265
478
1023
527
626
315
95
142
182
283
305
389
281
563
698
560
381
377
364
543
519
291
625
1023
1023
604
108
166
297
143
285
457
748
547
508
347
326
261
122
131
308
330
484
648
630
493
317
137
247
165
377
611
619
851
315
233
183
141
106
163
384
476
664
663
137
387
275
116
272
474
268
406
818
617
141
228
214
92
106
310
347
551
484
469
559
172
152
85
101
359
615
848
1023
831
342
130
545
504
558
667
559
604
452
179
137
236
176
218
324
525
579
442
378
376
108
202
138
208
337
445
343
424
515
644
330
172
219
317
491
436
187
512
478
444
274
300
656
612
328
716
1023
1023
1023
293
147
121
105
229
426
839
920
753
559
515
283
102
104
307
428
562
924
990
609
95
190
132
178
314
338
571
645
526
679
451
556
359
171
446
309
1023
1023
610
118
148
119
97
236
481
761
1023
1023
656
183
460
371
429
629
675
864
586
456
163
218
141
417
116
345
503
668
868
654
199
199
161
111
110
503
790
678
559
286
126
117
160
102
154
383
530
749
641
429
245
124
146
130
248
379
521
562
604
480
155
165
303
231
285
294
301
560
647
552
360
166
123
231
473
562
462
643
272
306
140
149
479
311
282
491
765
821
455
382
182
177
251
231
389
566
604
580
148
128
351
107
212
272
352
514
522
376
105
280
551
160
153
348
701
675
401
276
104
310
478
474
141
461
899
944
647
330
332
162
146
121
184
543
727
561
506
383
175
173
207
100
292
461
747
781
564
325
300
159
92
159
345
463
675
860
689
324
193
199
181
302
374
542
723
785
515
467
351
126
132
153
347
742
933
761
285
181
138
120
108
277
582
665
715
451
135
151
198
144
101
297
273
327
490
628
671
856
639
355
119
302
531
771
859
650
466
170
117
162
202
309
599
902
888
388
198
134
114
106
295
387
562
600
450
206
162
124
113
126
302
365
471
703
456
243
178
151
216
210
303
401
574
459
378
240
180
143
128
140
356
590
620
542
284
156
128
156
97
159
346
538
815
677
480
274
224
151
181
272
519
814
799
531
348
147
414
181
181
295
309
416
693
493
179
204
260
300
150
448
809
684
728
546
264
135
154
129
253
619
815
961
747
161
133
348
125
549
319
470
589
621
419
111
567
218
331
142
460
274
564
683
526
570
323
190
100
171
333
503
713
685
419
143
155
145
145
168
367
449
613
701
568
434
168
129
93
251
535
777
622
512
387
145
181
135
130
321
476
663
660
545
493
382
286
138
346
679
900
715
628
483
251
213
152
185
346
406
735
693
734
592
341
157
133
476
285
414
499
519
539
252
405
250
113
319
566
675
626
452
402
117
166
243
391
419
352
805
898
957
481
381
282
115
125
253
447
513
546
628
458
424
339
286
98
184
541
675
766
485
189
148
147
184
157
259
309
670
1023
1023
528
211
262
684
373
293
295
434
791
804
419
230
187
336
404
340
364
328
548
578
438
257
266
114
213
481
604
686
583
370
197
178
133
89
244
454
516
621
626
648
461
264
237
143
467
818
589
606
555
365
345
166
133
223
443
356
429
613
350
405
489
243
196
237
737
850
509
522
325
108
153
137
144
201
335
615
610
541
341
127
203
176
160
318
440
612
611
511
263
220
190
90
183
396
615
654
689
513
204
345
149
220
285
386
495
441
552
458
434
451
215
161
188
423
632
681
741
466
174
168
113
102
272
275
339
535
573
628
590
253
378
346
381
511
205
338
519
395
277
161
132
130
315
381
667
907
697
623
464
287
88
264
593
743
801
616
479
300
205
149
128
233
591
724
831
554
222
111
119
111
150
324
505
602
656
518
209
169
155
123
211
454
622
564
483
310
265
148
157
287
209
347
589
728
739
548
159
130
157
108
179
400
582
719
653
508
198
185
87
168
264
533
714
786
525
201
162
168
163
204
307
366
660
794
674
449
196
142
291
156
637
837
780
713
172
94
171
353
127
188
355
813
1023
650
293
244
154
131
174
293
450
664
730
617
375
365
401
205
143
306
531
655
697
505
470
485
180
142
276
403
515
446
534
397
252
201
266
205
171
308
476
764
681
620
636
316
130
140
248
617
791
652
549
273
95
157
146
125
297
484
496
586
371
268
113
167
168
180
298
281
370
601
286
266
432
325
234
158
546
974
838
541
311
206
188
148
208
232
319
295
749
645
403
408
319
100
86
283
423
676
784
697
397
255
141
134
177
312
579
685
770
697
321
158
144
94
139
367
578
777
708
462
141
151
241
213
168
344
451
409
520
402
107
153
147
180
309
330
553
890
925
384
300
137
142
221
440
631
614
712
544
148
150
196
194
103
382
634
828
815
620
186
134
138
118
165
349
499
583
631
531
249
263
253
181
253
363
548
747
723
442
231
234
339
142
370
532
658
690
844
756
495
281
189
651
568
685
631
639
484
250
229
265
94
205
272
422
733
661
400
374
194
165
110
215
517
481
608
587
220
401
256
139
262
278
432
468
538
488
344
259
130
104
106
321
501
673
609
436
115
121
197
134
123
343
498
677
510
277
399
159
160
130
165
382
669
683
582
314
178
207
134
136
257
457
636
800
956
801
529
169
526
725
509
673
579
486
371
266
148
146
111
115
337
709
685
586
366
289
177
246
190
170
366
624
728
667
417
203
172
121
189
289
446
669
909
681
375
153
175
215
170
314
418
644
608
311
139
138
185
118
103
298
390
559
519
534
294
184
156
112
135
311
574
678
700
543
264
257
211
193
469
484
438
660
665
376
342
169
177
83
318
504
652
644
553
241
133
131
127
114
351
456
438
674
640
392
243
127
229
131
405
608
577
656
802
351
151
212
75
177
300
393
892
826
467
319
156
166
126
279
382
416
621
619
346
348
215
111
177
344
625
724
589
430
448
317
183
129
275
476
573
444
423
413
368
132
119
81
144
446
403
526
575
356
94
150
118
115
266
385
531
648
604
380
172
177
185
133
346
646
771
582
331
163
257
254
88
168
373
716
532
414
328
187
112
162
278
154
280
387
687
753
766
477
518
219
239
540
825
899
600
486
341
302
112
153
186
466
513
559
612
511
318
211
147
122
139
371
498
438
656
570
299
256
230
198
268
428
735
582
417
389
389
183
123
95
163
451
703
665
542
218
135
243
196
187
264
498
707
838
562
127
120
145
131
101
317
504
695
750
492
191
107
154
231
146
322
559
441
463
453
584
455
199
123
255
505
620
637
639
302
338
427
190
384
391
742
525
336
330
137
241
224
246
125
314
552
542
677
553
238
114
396
84
160
287
475
584
732
530
426
217
150
122
197
392
656
547
573
432
298
250
156
91
267
590
736
743
595
386
176
144
174
294
431
502
584
693
558
255
157
125
132
172
333
474
653
755
525
244
127
143
197
214
424
532
397
508
355
281
309
265
122
325
544
737
731
616
450
292
153
108
128
403
496
601
671
521
251
103
171
109
104
279
383
527
845
737
638
385
156
414
442
445
552
530
647
401
111
135
188
385
259
277
350
737
654
329
252
149
123
134
285
406
601
580
496
466
278
159
147
164
287
424
450
565
471
199
366
276
111
264
465
579
546
676
419
354
150
214
87
103
381
654
682
680
464
278
196
153
161
304
643
684
702
558
281
142
174
117
118
277
482
523
565
459
565
539
432
247
149
644
1023
752
686
405
103
259
280
95
143
357
324
463
589
316
168
266
243
239
285
489
756
675
732
612
266
164
134
142
334
477
562
651
592
433
397
300
209
103
494
848
781
585
314
179
114
177
200
115
361
504
661
650
412
357
268
159
99
242
435
593
571
512
203
84
151
126
158
303
309
479
717
523
248
337
311
91
121
354
536
605
638
458
348
215
151
129
131
314
492
896
749
489
364
297
181
133
381
555
748
