219
431
389
533
593
676
594
316
274
113
231
406
372
392
671
774
678
534
422
376
224
498
574
660
900
812
684
588
390
91
361
908
937
582
552
170
97
147
141
505
312
448
393
718
1023
595
143
209
351
374
356
787
606
570
448
530
163
163
400
399
392
637
671
843
632
280
151
222
83
394
315
431
699
788
440
299
157
124
163
274
368
432
373
436
323
260
543
682
203
323
293
322
634
910
936
901
321
223
358
422
411
627
477
289
511
192
162
113
173
343
427
862
799
397
132
153
342
307
278
307
313
619
532
704
269
188
95
125
314
647
1012
1023
547
229
177
211
231
410
635
552
274
437
313
597
637
489
132
184
627
1023
1023
942
525
248
259
422
273
331
836
1023
1023
704
307
418
816
534
114
414
882
1023
1023
1023
651
269
156
182
417
846
1023
587
362
219
184
361
365
225
126
393
772
785
586
151
117
176
142
156
284
556
445
355
398
312
206
232
326
129
269
554
479
468
731
500
100
159
627
196
303
548
426
647
487
440
283
354
392
169
376
724
843
530
199
101
155
482
583
294
343
324
841
1023
1023
862
460
149
462
534
1023
1023
801
601
323
181
149
130
475
552
614
482
841
637
179
471
493
520
385
301
1023
1023
951
818
124
111
468
308
154
343
533
760
605
186
137
233
359
178
268
579
540
472
423
127
85
225
237
174
334
371
739
712
445
200
170
174
257
194
355
597
1023
1023
539
165
340
138
357
350
384
590
739
690
324
377
558
164
279
244
551
733
813
685
247
349
336
118
349
451
599
776
742
439
216
558
631
125
573
729
839
734
576
359
95
119
182
207
325
880
1002
486
376
163
214
142
160
140
337
567
841
542
545
540
551
203
589
654
431
500
371
375
468
498
607
365
174
455
392
583
805
579
418
190
210
151
409
281
392
300
393
596
297
348
427
550
579
534
396
854
1023
883
620
284
187
283
164
315
603
914
677
397
125
175
248
233
212
334
513
644
540
358
165
269
175
117
155
345
230
282
797
681
356
267
252
371
443
700
783
372
388
164
110
157
336
99
420
310
680
855
636
269
318
386
112
101
333
459
787
772
685
1004
735
232
180
179
360
470
887
632
271
288
176
198
87
219
293
469
593
404
393
387
311
597
776
374
315
648
435
540
443
151
138
107
161
322
317
685
852
665
134
181
201
315
422
317
244
192
529
749
645
347
216
182
186
344
475
312
410
262
252
178
766
803
575
313
841
708
536
402
407
173
128
316
311
377
400
463
431
264
296
408
167
248
341
374
363
612
750
766
164
423
744
353
630
715
729
474
233
264
316
239
414
274
278
262
647
639
719
525
137
231
410
666
693
725
761
657
337
114
149
133
136
328
788
1023
1023
720
469
175
196
120
500
376
734
1023
813
994
1023
172
144
100
362
908
1023
698
489
223
165
265
170
95
150
321
384
578
638
528
389
222
113
204
291
558
575
780
643
172
349
319
325
149
416
779
940
573
393
210
458
146
322
187
465
605
803
1023
1023
664
151
744
977
424
678
751
343
406
320
129
364
151
141
283
328
250
344
664
629
438
298
149
496
491
368
261
438
532
749
741
244
118
134
410
636
912
683
469
303
333
541
165
344
423
781
788
596
317
291
194
115
137
230
574
993
1023
688
413
109
167
278
392
436
314
785
1023
1023
774
129
243
142
141
347
377
704
613
562
648
144
429
121
380
353
322
334
815
534
324
138
130
119
318
297
359
240
439
497
535
348
175
106
285
557
671
626
384
131
153
163
188
119
361
357
589
758
678
324
149
155
88
111
354
453
615
609
328
170
164
113
88
138
513
617
756
635
268
175
142
123
242
279
761
649
712
553
180
86
244
249
174
448
881
524
380
377
432
224
231
166
351
333
346
367
741
628
453
351
186
176
192
288
321
508
768
479
167
198
351
201
256
302
269
465
539
207
101
211
95
310
542
342
586
945
638
401
177
245
113
276
341
419
468
475
575
635
265
145
122
166
313
735
1023
987
747
361
144
237
96
126
627
765
701
619
265
189
163
538
150
337
428
820
1023
991
960
399
135
237
118
488
622
1023
842
643
716
701
420
82
171
470
824
911
979
713
440
136
115
133
160
503
606
631
572
353
657
318
122
105
272
297
265
855
779
608
388
167
97
181
288
467
628
667
640
513
222
154
303
126
421
540
805
1023
1023
1023
654
173
941
1023
1023
608
376
432
180
167
267
137
268
233
272
323
634
528
369
536
399
210
104
299
403
538
400
431
305
285
227
233
175
362
498
1023
700
376
337
161
235
114
148
364
550
752
1023
487
233
529
237
109
256
454
956
870
695
353
181
155
203
94
224
459
368
425
587
665
730
292
129
99
367
669
765
991
1023
602
247
287
304
1023
635
336
220
360
187
261
606
768
105
231
344
448
299
496
136
594
692
391
131
265
420
616
638
426
181
260
231
124
147
319
424
559
791
1021
634
139
141
212
774
445
420
480
557
500
350
148
165
163
112
329
776
824
759
819
502
326
182
273
374
486
994
711
500
291
766
219
158
227
371
471
559
837
1020
736
248
131
257
117
401
768
906
1023
608
736
530
205
122
191
437
876
899
702
462
266
323
233
135
142
344
350
405
505
1023
756
148
196
127
531
295
413
477
596
633
545
449
249
117
295
509
730
867
567
440
314
185
171
319
432
635
882
860
244
103
189
130
134
235
358
515
567
526
180
125
161
130
183
306
387
596
922
928
781
678
228
1023
561
602
956
411
428
402
119
634
519
223
133
383
1023
1023
814
295
114
132
189
90
171
323
379
470
675
710
336
125
155
270
171
420
404
453
465
601
340
125
270
181
322
624
589
606
437
230
105
157
136
152
508
651
479
612
588
416
211
298
213
193
362
764
596
557
231
74
153
173
159
774
296
653
817
1001
960
707
137
111
421
602
506
546
687
789
540
283
153
335
337
318
730
424
377
397
402
339
521
466
465
335
397
441
446
888
1023
990
163
462
519
316
295
256
543
450
458
127
152
104
280
431
533
500
544
238
117
182
127
148
351
686
754
687
437
117
157
166
112
104
380
628
656
594
356
346
649
237
124
278
496
778
707
626
327
304
315
153
172
198
312
301
389
501
258
678
854
535
153
600
618
660
489
376
198
232
240
147
235
320
353
407
419
358
500
513
557
222
225
379
605
552
735
585
252
158
186
178
145
423
385
565
749
590
159
144
114
84
308
304
811
921
610
191
160
237
176
106
566
891
646
651
401
125
156
214
135
136
383
691
797
709
466
483
488
148
575
365
372
497
523
404
149
130
175
193
146
405
443
460
391
477
325
187
226
333
215
293
547
588
936
1023
599
117
461
533
574
770
344
216
351
300
303
291
143
143
131
343
288
249
483
335
492
676
116
112
250
330
403
881
677
572
449
287
122
250
368
603
543
600
743
428
125
308
255
134
303
279
478
650
537
306
264
237
155
295
487
492
365
547
366
418
516
283
166
286
417
539
787
714
622
379
279
141
159
283
402
941
1023
668
351
111
203
217
259
323
319
264
514
551
422
331
266
105
231
364
570
839
993
772
518
206
197
181
475
798
898
863
483
189
258
145
137
98
254
429
702
848
721
338
108
155
112
219
495
1023
989
748
526
165
372
195
146
135
303
456
648
802
664
469
153
132
145
181
505
732
628
544
212
316
719
742
533
373
858
1023
1023
566
204
94
161
291
600
294
667
740
813
694
535
109
176
124
123
351
497
478
509
307
240
133
173
128
237
425
357
271
526
420
144
176
230
119
246
505
494
472
539
566
552
168
164
122
333
576
755
690
663
396
221
133
148
114
341
368
464
518
487
357
223
155
152
172
368
622
828
606
388
93
242
246
105
178
338
498
694
639
325
369
581
684
326
256
285
577
934
778
694
528
360
180
121
306
395
456
593
598
779
593
176
207
261
474
610
644
473
286
188
155
202
594
753
464
485
1023
1023
1023
540
144
192
134
252
511
497
478
507
346
278
218
243
180
290
433
531
644
617
508
238
179
108
148
328
524
692
795
661
550
379
152
120
137
479
623
758
702
653
336
245
153
117
373
719
842
644
450
129
152
156
144
176
293
366
419
390
551
731
575
487
204
137
377
661
799
835
551
352
154
153
118
146
437
613
494
568
377
272
146
175
239
166
416
675
798
733
408
172
171
130
117
223
444
574
564
485
238
108
277
211
123
297
319
362
691
466
106
220
170
120
138
339
524
666
506
371
670
409
130
89
168
383
681
598
738
644
470
418
212
172
417
754
928
721
565
248
100
201
355
286
354
543
204
344
396
335
435
313
263
126
377
1023
918
643
488
164
139
183
106
126
321
453
693
597
666
544
430
375
163
193
924
1023
865
630
310
159
168
141
92
293
517
607
683
511
303
200
191
117
157
333
406
424
435
356
99
173
399
619
375
340
621
798
889
533
392
275
159
208
156
446
585
739
734
290
102
160
148
102
269
357
523
848
820
477
278
225
120
143
304
583
494
571
621
412
448
184
88
177
338
612
775
757
437
301
314
601
488
349
485
973
1023
736
598
432
212
232
129
255
514
789
964
611
200
132
141
107
160
310
271
399
586
685
738
378
178
107
118
343
472
531
691
603
460
