299
677
1023
528
445
108
179
539
1023
1023
842
225
302
786
197
86
118
357
372
402
623
581
536
207
326
781
872
632
256
234
401
156
190
469
327
113
253
247
206
319
422
1023
1023
133
367
208
329
604
653
624
379
285
216
146
300
650
823
261
205
1023
1023
1023
836
189
338
527
834
1023
1023
456
291
302
156
261
408
267
255
335
1023
1015
559
105
139
1023
1023
1023
278
1023
689
401
210
132
307
276
95
323
538
709
508
625
472
140
166
249
192
288
527
664
1023
840
387
261
177
366
541
379
984
807
867
1023
1023
586
263
304
416
573
855
485
341
281
426
135
127
104
291
267
513
1023
707
119
102
128
106
440
502
1023
978
564
277
954
744
1023
720
357
1023
1023
1023
583
194
198
337
687
245
462
261
416
573
1023
485
267
175
515
473
568
500
485
466
319
77
115
146
221
243
256
596
1023
1023
770
785
1023
317
181
145
397
650
549
367
158
135
315
226
119
657
265
479
940
670
817
382
384
541
361
265
306
196
553
797
129
109
148
893
840
466
867
873
745
318
395
499
617
101
384
446
662
788
902
635
739
261
130
228
782
1023
1023
1018
736
152
672
514
253
685
339
1023
896
334
304
514
228
131
143
119
393
508
607
749
838
272
164
458
454
694
407
233
779
1023
966
538
146
205
389
336
551
604
964
983
984
216
165
617
110
782
1023
1023
350
445
293
318
736
404
128
521
833
878
413
534
450
133
151
113
628
839
253
940
1023
1023
384
187
393
406
242
351
925
767
1020
473
441
426
586
180
515
744
1023
939
814
220
125
153
136
101
283
407
1023
1023
590
92
119
591
156
190
508
1023
846
644
323
277
572
142
463
202
346
379
411
544
295
153
439
641
288
128
453
563
304
811
1023
828
202
160
372
623
665
675
561
354
141
85
481
529
860
943
1023
1023
1023
1023
316
132
231
325
155
447
712
822
711
174
107
411
213
214
453
427
240
250
456
513
731
316
391
193
238
280
696
1023
758
810
532
545
276
334
837
664
677
798
900
667
90
259
257
223
332
490
709
777
269
184
405
619
114
444
737
1023
215
336
188
423
1023
721
89
199
401
826
637
691
690
646
586
197
163
453
665
988
596
488
277
100
431
103
180
253
536
815
790
653
544
212
421
223
1023
666
538
402
527
193
279
226
134
539
551
471
395
540
717
402
397
209
519
159
234
579
1023
1023
845
249
95
230
129
214
419
664
533
1023
1023
844
147
1023
1023
230
286
542
392
309
337
430
734
361
86
314
404
813
1023
851
261
98
116
154
300
324
254
282
986
1023
904
474
143
214
119
391
567
661
784
530
561
537
135
113
122
449
232
699
1023
942
433
115
168
154
402
803
689
641
712
198
246
147
167
167
260
252
878
872
446
353
106
184
142
174
226
353
497
897
546
316
179
452
330
84
352
400
322
379
744
961
471
200
334
460
269
577
854
831
476
444
313
93
117
163
536
629
530
528
243
199
162
292
587
333
613
257
236
467
528
602
311
103
111
357
736
1023
793
758
363
104
515
215
107
433
562
673
514
273
210
163
151
86
119
257
517
728
948
916
131
613
704
322
336
610
487
1023
803
270
525
233
487
247
291
1023
727
402
349
99
552
167
454
261
341
239
422
741
677
320
153
241
194
164
417
634
493
637
328
299
310
284
736
420
313
250
307
508
223
89
513
911
930
1023
624
1023
1023
1023
815
158
299
671
329
271
273
247
705
513
340
271
537
556
366
302
1023
1023
679
271
96
286
305
91
155
269
222
399
976
682
336
336
157
92
200
299
269
263
711
876
1023
440
115
115
273
532
887
959
613
475
394
353
102
871
799
688
537
380
325
92
268
244
423
435
292
257
228
376
169
221
363
208
144
108
425
466
273
355
183
327
680
279
358
381
273
620
685
709
479
269
155
461
176
302
652
572
400
362
243
256
305
212
356
540
1023
883
323
214
69
120
217
229
395
440
462
369
333
264
113
514
188
107
197
375
684
772
606
488
401
129
83
525
463
607
630
365
341
301
105
947
669
574
685
866
220
441
252
147
198
157
105
117
305
237
863
1023
734
559
198
349
317
185
236
467
828
706
678
632
309
182
382
457
729
750
591
476
350
172
162
98
305
877
1023
1023
645
610
1023
199
384
234
199
318
441
202
599
1023
467
144
128
181
242
1023
1023
1023
616
410
142
888
132
200
404
924
1023
1023
765
386
213
181
413
837
737
241
351
328
445
428
287
267
350
327
355
313
343
1023
1023
452
118
183
96
179
506
787
829
491
371
97
147
88
108
295
237
352
334
835
1023
923
397
99
367
485
542
665
327
360
525
147
188
145
152
290
284
435
538
288
627
689
472
141
402
498
851
590
541
467
557
140
558
345
492
396
293
1023
1023
754
255
145
173
148
264
411
778
912
639
152
204
214
153
88
310
434
486
489
359
162
210
319
89
190
459
767
773
502
410
160
170
109
87
157
376
370
196
313
129
608
1023
158
1023
774
606
211
417
347
108
109
564
903
128
557
1023
961
671
547
228
95
197
91
192
340
446
829
735
594
560
205
162
254
321
269
417
1023
1023
695
309
210
197
148
594
834
939
272
360
174
446
573
225
147
293
671
491
421
414
384
167
205
155
210
282
530
574
738
820
888
362
172
147
196
503
1023
979
774
384
217
132
131
82
136
274
499
768
909
705
320
183
222
273
222
382
195
261
588
1023
865
263
385
211
593
792
885
411
555
746
745
341
192
471
366
544
1023
936
298
123
160
391
479
136
1023
1023
1023
1023
901
1023
1023
667
501
280
423
381
396
314
113
148
244
205
183
357
908
897
508
299
162
276
421
515
132
300
757
828
1023
825
311
115
336
686
836
971
854
298
840
732
301
191
130
119
158
254
331
335
488
239
301
287
460
286
1023
520
322
774
738
681
314
160
84
112
300
299
239
519
538
414
150
346
198
361
268
706
285
401
474
287
153
268
448
245
304
1023
1023
739
187
148
139
244
572
692
609
214
535
411
194
638
802
489
144
962
976
650
833
625
161
116
272
190
253
468
486
517
353
604
921
758
305
502
1023
970
582
361
345
154
210
165
133
98
378
660
183
361
406
353
321
146
195
191
286
404
394
394
336
97
594
457
95
225
572
819
1023
1023
485
111
199
455
123
410
403
572
528
402
315
341
444
595
645
117
603
678
810
373
209
308
216
242
169
272
303
473
761
565
214
219
152
138
148
294
1023
1023
916
345
387
497
243
196
251
323
233
991
866
375
97
132
127
160
113
706
1018
440
470
175
238
144
174
117
183
346
458
245
344
129
633
928
421
88
367
619
765
496
588
445
165
134
244
190
274
374
483
449
375
293
320
272
115
522
821
523
600
306
183
413
246
122
92
133
717
787
937
464
422
839
354
734
1023
542
320
449
565
559
469
458
382
348
399
303
799
853
662
578
394
302
132
234
244
362
813
703
782
586
100
146
276
91
151
456
678
429
445
197
320
126
145
199
226
602
621
617
370
225
209
133
127
248
474
496
333
232
367
94
407
866
312
294
511
694
361
640
569
215
138
165
87
144
447
906
1023
975
471
170
161
178
350
230
408
570
725
656
586
101
179
133
103
336
265
288
694
556
525
102
197
116
97
256
241
201
572
559
396
159
263
78
80
296
267
638
720
497
663
199
144
383
139
292
249
409
407
348
577
446
400
125
223
690
917
357
539
392
237
195
86
328
595
1023
645
271
371
342
236
209
127
177
347
617
548
634
268
105
222
247
88
478
342
416
385
400
298
191
239
214
147
466
288
511
471
736
780
369
169
217
247
265
580
1023
1023
756
453
390
143
296
215
270
805
1023
1023
456
122
189
473
402
199
462
665
766
763
290
303
137
364
175
146
1023
917
727
520
318
215
141
320
204
317
491
534
773
773
600
196
186
385
114
279
335
295
319
287
158
1023
626
342
123
378
516
696
718
285
273
264
131
120
147
337
401
447
529
151
538
450
108
334
259
511
328
367
621
568
509
339
332
109
286
519
1023
684
351
101
190
666
383
111
423
665
864
779
293
119
290
119
259
282
366
585
655
327
201
300
420
195
550
441
401
200
376
727
544
178
101
147
116
244
285
521
735
500
259
127
441
401
376
514
489
290
562
290
179
237
231
123
112
271
214
299
349
442
1008
1023
319
83
212
523
927
1023
632
177
258
197
97
95
231
357
230
322
319
639
1023
407
95
488
326
458
1023
840
915
553
604
159
151
125
325
415
748
956
407
104
494
143
339
635
447
487
921
685
558
106
151
278
203
209
277
256
422
608
586
261
182
107
247
360
395
425
516
411
277
134
155
135
145
561
633
183
344
545
143
115
606
483
116
318
524
872
977
592
199
191
204
103
327
318
564
586
782
967
427
159
174
117
258
308
419
491
766
947
729
345
143
548
616
681
700
744
548
184
137
150
86
129
346
621
1023
1023
462
85
558
220
146
281
300
224
413
1010
1023
982
370
120
213
215
337
441
815
707
585
571
441
332
262
330
790
805
572
304
179
322
506
478
172
297
213
198
618
490
369
206
175
83
117
301
260
371
397
486
483
452
132
548
569
481
376
209
517
674
348
117
190
198
253
654
690
482
408
141
226
107
137
110
406
466
267
259
318
385
457
222
155
165
383
353
622
893
537
137
239
137
120
