97
143
71
94
432
904
1023
637
365
272
99
118
230
110
350
944
1023
1023
537
153
242
91
249
178
512
768
892
739
436
199
140
143
113
422
387
828
862
733
84
361
182
213
213
287
678
952
932
609
77
272
338
84
158
413
446
712
932
699
275
290
323
609
347
692
411
910
747
441
337
104
141
121
358
490
1023
1023
518
117
96
94
103
81
287
612
855
716
533
299
382
279
271
192
273
744
656
673
605
429
171
130
61
91
397
950
541
844
553
421
292
241
548
152
327
743
776
678
399
197
95
83
86
234
949
913
581
737
369
210
83
134
639
450
362
536
758
521
238
113
121
63
209
501
645
874
678
421
306
92
216
173
111
826
826
1023
492
127
841
122
162
326
223
722
1023
882
437
541
367
428
122
149
377
332
911
1023
421
261
273
197
140
289
323
575
650
583
433
380
341
139
53
85
428
506
802
613
568
628
115
110
70
203
447
814
688
463
345
482
319
155
70
446
698
609
797
752
392
158
103
144
174
463
693
612
805
442
271
188
106
79
176
401
512
592
711
655
304
255
110
368
361
325
1023
990
621
447
455
111
88
277
210
503
914
785
593
400
153
94
102
96
317
841
831
719
591
449
143
109
211
310
331
754
903
781
306
371
236
88
98
187
528
824
887
786
478
285
87
226
150
437
954
722
531
652
338
95
258
329
63
403
872
628
663
610
408
73
105
206
73
328
810
725
619
643
371
262
168
89
403
694
1023
766
326
519
315
152
125
205
194
495
812
776
611
272
150
89
128
383
262
880
887
1023
656
243
153
81
74
163
430
704
627
622
521
305
85
128
108
209
509
478
649
961
488
104
95
127
61
194
354
804
1023
788
412
143
124
96
100
575
993
640
271
442
549
398
157
91
336
440
826
364
638
631
305
159
181
149
172
532
566
688
792
291
74
93
107
48
107
387
699
921
660
487
317
165
103
127
336
748
936
967
421
234
335
108
158
115
270
935
701
374
442
471
214
105
66
126
355
589
189
459
820
640
442
196
168
328
366
772
696
632
409
277
307
193
117
247
533
795
955
822
412
249
96
84
52
247
755
613
813
643
228
140
129
252
78
282
715
815
892
601
424
339
225
104
442
371
517
1023
559
735
372
243
193
103
298
271
424
928
1013
647
634
317
441
684
248
581
738
624
725
493
58
118
109
70
362
916
751
923
762
282
209
94
454
143
341
761
606
660
474
287
382
144
180
208
513
710
867
902
144
166
653
399
83
690
679
558
1012
860
319
56
116
356
165
561
893
929
657
398
394
331
179
93
222
393
628
778
784
406
51
488
122
231
72
413
679
714
392
406
577
283
98
50
326
440
556
616
737
542
257
85
139
85
581
932
550
684
652
900
505
160
294
306
344
900
993
801
522
292
93
204
126
109
627
962
848
371
395
547
121
244
261
198
377
605
923
878
263
166
110
114
72
220
779
744
603
534
528
408
237
116
765
265
415
749
880
582
399
386
118
90
246
500
899
1023
662
376
187
103
121
54
194
339
648
654
550
577
415
391
124
96
134
480
369
773
964
478
331
260
437
483
732
285
377
534
620
471
363
104
76
135
464
651
576
766
485
219
80
101
102
175
348
460
546
605
710
397
166
166
238
87
357
712
791
666
421
230
195
230
99
249
532
747
729
562
286
165
111
87
249
275
445
965
649
764
246
88
91
69
99
285
760
814
452
415
439
298
103
159
393
432
479
848
458
376
419
90
97
73
253
629
711
795
644
407
245
88
68
72
242
623
661
741
758
1022
247
152
181
516
398
496
949
692
368
170
728
111
485
476
455
475
566
705
634
234
81
112
46
130
563
787
839
580
353
105
116
127
485
501
452
514
980
815
634
344
292
128
475
679
603
732
909
401
311
82
113
157
223
488
637
609
710
446
59
77
90
66
128
385
602
663
559
694
429
115
90
338
516
657
594
724
620
160
336
105
289
107
992
523
383
666
531
335
153
172
68
132
366
785
813
643
532
117
131
179
351
85
374
523
687
656
525
135
188
144
46
162
523
721
882
767
545
190
111
69
54
248
481
843
844
696
225
77
387
70
509
264
339
661
796
638
549
104
398
429
110
1008
732
524
734
625
74
202
231
77
107
330
573
768
835
696
356
144
114
122
201
324
945
1005
895
549
234
105
155
160
267
790
1004
514
431
695
102
346
369
124
791
499
269
666
454
363
172
84
277
220
356
608
832
681
206
154
214
263
297
229
396
949
1023
640
310
79
142
77
131
322
308
625
998
701
435
137
136
186
60
327
691
838
751
416
76
255
662
176
169
672
959
691
617
451
193
97
170
209
166
462
604
617
732
685
345
105
87
197
366
681
867
571
547
463
147
157
96
85
278
691
753
748
740
654
270
119
254
102
289
546
910
834
560
280
363
117
52
96
351
1023
627
550
913
316
181
103
109
227
762
867
914
677
237
98
237
316
272
474
512
775
707
517
384
269
95
80
94
335
743
890
715
497
353
243
210
179
124
467
1001
574
711
492
59
247
842
210
527
802
654
490
882
407
300
290
329
326
241
674
945
523
474
280
70
425
120
448
471
689
766
572
442
458
198
157
55
223
407
640
753
673
633
158
195
100
97
123
414
785
931
663
448
375
156
113
55
281
594
480
1023
731
338
224
110
110
174
295
693
1023
917
488
87
80
314
205
230
426
801
824
756
509
382
270
132
64
167
648
957
889
729
400
271
241
122
187
220
569
727
820
638
469
101
109
103
218
262
917
507
942
792
351
134
98
98
218
297
523
802
612
392
121
129
133
182
109
525
1002
439
470
624
437
244
106
278
181
478
534
1023
574
108
275
105
205
59
392
724
804
649
685
87
231
512
370
255
412
783
538
794
617
597
86
190
161
73
364
883
856
868
353
281
171
108
287
171
441
690
627
770
599
47
80
102
94
225
551
937
853
551
178
439
316
153
131
266
492
820
959
598
457
192
210
211
444
467
770
419
618
777
377
93
205
79
266
825
568
519
533
436
250
152
101
140
182
561
908
1023
655
197
46
194
68
71
275
613
733
507
439
498
447
150
72
241
312
364
538
767
532
330
254
164
220
350
603
542
488
591
452
209
95
187
166
131
580
456
180
858
490
200
320
127
110
440
636
833
827
592
336
148
141
150
105
333
548
812
706
774
500
250
165
172
78
316
637
702
865
405
424
356
225
169
425
774
1023
546
589
480
66
98
94
427
241
474
764
792
798
268
385
137
101
368
332
800
973
784
654
150
223
228
105
92
412
1002
860
710
601
434
147
212
162
113
384
696
885
784
498
301
118
107
78
259
724
843
466
685
973
81
248
155
133
277
626
995
1023
964
592
195
224
161
290
347
1000
1023
1016
786
564
104
161
159
314
680
722
1023
968
368
284
119
145
63
317
785
758
757
645
414
414
332
116
174
402
693
897
958
705
543
92
217
158
106
477
746
1023
924
626
136
168
428
72
151
458
997
1001
860
649
366
175
736
255
215
369
1023
622
501
580
210
182
156
124
202
542
859
911
742
659
94
145
304
264
310
375
799
995
805
784
303
131
159
247
447
936
1023
1012
552
244
275
121
80
141
394
1023
1023
744
757
285
122
118
120
318
685
682
520
640
520
409
129
101
155
275
597
766
847
697
285
119
513
123
486
470
434
750
1023
673
424
212
153
115
121
491
801
1023
912
529
274
135
149
292
204
370
799
1023
993
640
156
128
177
67
340
774
930
862
636
344
174
141
119
251
340
411
614
1023
700
278
394
154
140
369
502
554
1011
1023
529
220
149
117
110
237
674
981
1023
946
393
104
124
126
96
138
684
1023
750
588
595
402
183
130
226
486
491
949
879
619
338
333
155
126
235
380
653
777
637
640
574
196
175
301
266
634
652
1023
973
654
393
201
128
96
251
756
1023
771
895
722
546
116
383
488
552
760
980
820
536
552
106
153
314
278
505
1023
1023
846
760
399
152
186
303
275
417
852
1004
896
724
218
145
143
453
106
334
864
1023
879
504
636
322
186
194
200
666
1023
1001
798
334
82
155
133
81
293
691
956
947
777
710
293
119
179
405
693
528
714
1023
730
356
178
514
328
249
655
569
943
1023
898
281
131
127
90
264
745
998
1023
1023
375
112
200
127
394
670
767
680
719
680
398
305
135
80
157
368
773
1023
928
751
387
282
215
581
530
376
536
602
1023
381
424
264
150
76
123
461
941
1023
907
467
300
139
147
126
262
580
819
889
1019
568
206
217
187
281
711
465
805
1023
615
261
129
150
87
223
548
924
973
714
755
532
140
213
212
340
714
1023
700
508
460
378
288
199
125
795
642
712
824
1023
401
209
273
190
291
340
652
1023
936
581
605
247
123
103
157
499
1023
843
1002
788
375
134
109
218
310
435
908
1023
765
331
363
197
121
251
211
557
800
986
786
326
228
144
100
74
290
629
803
937
846
551
183
158
117
646
349
585
908
884
461
601
644
120
119
204
518
938
1023
726
512
338
284
239
62
730
479
502
809
976
569
242
172
175
266
377
707
628
846
791
513
247
119
111
99
345
937
1023
752
711
384
193
153
107
556
403
745
989
1023
582
181
110
131
66
125
597
1013
752
704
512
412
446
159
249
441
478
813
