61
134
383
567
526
653
425
261
124
115
187
357
628
835
647
478
674
214
147
206
122
262
472
847
898
670
284
110
144
108
218
431
813
755
645
422
317
324
120
85
97
323
404
1023
961
347
70
269
135
86
145
304
687
948
715
386
169
153
385
344
741
912
390
840
656
377
271
154
206
365
308
489
546
561
481
285
316
167
88
108
394
733
824
752
529
295
172
163
167
97
570
1005
337
460
592
407
117
216
304
193
318
665
995
581
313
134
395
514
159
232
349
553
797
508
147
63
121
120
194
322
459
459
892
491
100
180
130
154
113
369
704
882
724
320
253
266
162
204
348
505
658
679
1023
937
123
558
351
202
255
630
487
572
576
236
83
114
145
85
657
700
271
447
602
330
79
127
204
199
344
507
796
793
579
327
188
123
77
193
407
576
723
704
876
471
478
140
97
314
588
396
693
883
575
101
105
119
83
379
754
857
742
449
467
323
218
352
123
303
295
417
1023
866
246
85
120
68
169
325
831
988
642
293
190
383
273
187
122
383
989
1023
827
541
385
317
592
167
180
529
709
698
588
247
122
145
82
85
288
459
661
577
746
735
300
254
374
157
334
531
678
680
824
188
117
231
79
195
394
648
795
532
161
364
457
134
95
146
457
613
586
560
309
711
395
306
246
293
577
714
941
643
127
85
141
216
251
322
598
389
1023
861
196
204
309
175
285
443
477
535
862
426
131
193
127
147
360
491
365
510
676
460
679
471
401
517
258
469
829
880
671
437
80
147
105
151
401
607
798
682
499
196
110
190
434
155
293
584
657
540
479
444
220
152
306
230
350
597
562
549
301
383
265
99
208
202
333
747
1023
668
206
218
248
313
77
292
663
726
880
561
217
85
140
112
174
300
317
362
860
670
176
369
197
496
217
342
547
805
635
466
122
130
118
57
128
353
588
1023
610
126
125
400
103
225
269
299
570
773
816
615
531
109
479
171
679
826
708
847
654
327
93
250
129
206
326
666
712
577
442
261
347
370
222
569
349
632
967
564
208
321
271
100
189
186
345
860
1023
718
103
577
217
229
256
414
511
683
583
655
382
105
138
97
92
330
336
910
873
401
251
352
218
112
248
542
829
762
560
258
454
113
170
196
179
420
682
905
490
237
181
126
90
131
263
708
775
740
606
411
157
142
473
167
314
379
743
1023
673
296
389
544
256
350
358
658
629
598
787
578
229
191
221
163
496
884
973
752
233
128
124
136
139
233
428
685
849
736
420
190
146
88
158
368
806
887
635
446
77
156
340
87
442
509
555
638
656
452
251
144
114
99
222
847
487
291
1023
731
361
289
256
240
301
533
728
772
576
334
89
144
220
99
313
863
885
565
649
155
292
163
172
222
426
414
206
764
766
416
259
110
79
123
380
641
803
716
349
147
126
131
64
183
468
657
808
760
177
655
326
636
354
259
437
1023
951
361
86
271
135
128
201
323
701
395
551
471
257
103
144
71
79
290
561
872
797
336
207
112
120
165
120
304
705
1023
776
334
63
98
117
154
217
404
888
777
568
287
144
97
173
196
329
687
301
675
433
269
274
176
95
110
336
527
631
756
471
135
108
153
111
137
504
468
288
404
592
984
538
119
283
434
542
747
613
547
382
272
177
104
99
272
627
677
718
549
305
159
141
123
337
543
646
1023
558
432
298
312
157
313
230
488
878
679
488
357
278
101
140
161
410
438
359
912
822
233
70
143
114
221
345
312
595
859
702
262
174
140
89
119
368
643
643
583
550
492
288
127
116
198
343
507
581
641
478
352
185
192
339
460
672
639
652
634
482
177
109
121
130
158
453
613
740
843
668
472
353
104
76
512
627
584
714
733
80
234
265
200
287
357
527
704
786
552
397
261
131
302
482
356
454
749
650
302
157
239
128
265
217
474
744
783
702
142
317
197
198
80
248
554
623
892
743
142
73
230
98
365
374
533
933
890
642
375
130
159
223
113
474
577
654
606
430
465
95
135
68
138
336
610
929
796
487
338
123
117
169
274
425
659
983
461
156
219
158
95
159
284
432
1023
677
480
352
138
168
250
181
375
526
596
752
546
318
111
110
79
127
430
630
723
618
521
369
152
165
191
226
547
852
556
448
125
61
526
104
154
259
732
973
761
579
148
59
237
223
107
405
559
668
761
540
68
96
144
312
134
366
536
535
621
448
293
214
109
115
361
543
232
197
662
842
244
117
117
83
235
582
554
497
670
727
231
202
82
258
349
525
653
672
536
375
192
419
87
147
425
629
788
360
381
813
426
117
195
136
449
744
774
585
508
158
125
191
70
341
656
484
634
709
554
84
127
139
77
286
478
831
828
709
723
249
279
239
107
370
602
707
682
419
274
332
168
65
127
441
595
622
404
1023
367
281
118
219
267
476
646
530
486
400
478
159
236
199
307
449
636
406
392
486
566
156
189
126
416
515
590
626
413
330
256
125
107
222
402
691
605
608
965
149
440
203
110
185
363
386
880
496
464
477
131
99
147
232
429
546
798
721
365
224
192
135
280
316
669
723
603
454
340
309
155
117
340
729
584
495
544
410
278
135
126
83
295
524
627
703
810
302
84
141
256
80
471
603
761
764
538
497
73
228
99
85
286
559
616
684
527
275
359
343
479
217
394
468
681
772
475
141
134
105
106
195
458
602
904
416
320
452
109
163
74
114
463
856
757
580
591
179
150
186
154
272
408
654
786
729
427
71
141
86
110
334
527
556
480
520
712
193
218
262
87
308
483
667
610
688
683
147
517
72
120
400
448
1023
1001
149
291
164
118
105
294
622
643
834
592
126
71
153
94
123
305
355
739
903
667
298
236
149
106
274
421
746
377
666
512
127
158
175
92
253
352
599
623
509
312
251
156
131
69
120
301
532
1023
816
409
361
120
537
287
449
402
518
698
558
289
292
307
234
325
302
292
660
1023
655
440
101
108
81
320
558
583
502
644
424
334
136
156
85
131
576
807
642
503
132
144
370
210
78
228
635
732
692
547
286
86
227
107
609
304
1023
999
757
624
349
87
126
250
263
989
657
506
620
389
71
107
346
216
209
433
680
516
433
322
251
206
144
56
139
459
531
523
565
126
478
252
113
79
280
647
805
789
536
191
173
171
108
358
479
528
436
542
541
249
248
119
107
128
346
341
847
675
620
490
163
172
113
131
447
674
631
555
266
279
273
243
257
418
875
847
487
915
782
126
500
195
75
275
533
877
743
488
424
440
192
369
334
333
605
824
731
440
119
310
118
233
123
495
601
582
671
344
115
110
111
107
249
453
616
741
769
187
96
391
176
209
302
540
719
543
467
480
197
169
414
422
298
604
711
736
361
104
105
124
66
138
389
648
663
469
535
180
127
177
212
138
635
962
733
636
404
131
122
136
171
265
399
712
713
688
363
74
183
153
207
303
663
945
660
413
661
636
228
392
103
487
741
617
687
415
99
159
568
162
427
609
910
570
519
327
326
175
97
96
212
569
937
605
459
250
73
150
233
221
282
366
1003
790
481
343
282
191
140
491
602
564
326
490
474
315
185
200
146
192
671
950
830
552
299
194
123
107
131
463
680
461
332
384
888
152
138
131
119
280
433
670
695
411
362
613
186
159
134
317
545
626
636
533
293
138
142
80
281
431
535
636
773
310
100
208
140
63
173
359
402
1023
801
307
144
120
253
313
249
383
645
717
453
242
445
245
380
259
298
471
458
1023
1023
118
447
302
167
211
315
276
320
775
689
261
173
133
78
407
469
542
551
475
266
95
292
185
64
227
522
823
840
644
254
231
147
124
87
296
536
442
917
603
266
161
227
67
171
363
748
809
579
369
281
94
151
126
799
393
270
487
660
489
93
651
161
318
506
620
656
851
563
214
72
121
99
167
301
310
448
630
592
271
157
204
127
156
340
464
655
842
564
415
102
172
58
90
354
490
502
666
761
189
115
105
78
131
422
696
765
608
330
68
123
385
493
352
332
504
713
792
895
147
260
239
114
366
520
802
854
536
352
236
115
177
221
294
726
1023
831
357
94
110
114
150
176
684
858
244
553
569
458
249
99
184
272
563
694
636
703
413
95
136
101
150
274
561
711
710
542
268
182
116
73
111
314
528
654
568
702
825
100
162
60
258
551
629
768
834
477
56
156
130
68
135
924
846
280
379
411
446
129
133
113
308
875
660
892
617
236
137
114
88
66
361
593
531
585
512
590
100
116
189
108
466
500
601
1023
824
212
100
121
71
122
475
888
756
753
387
186
348
151
73
260
613
818
806
713
134
77
479
419
79
321
728
895
630
512
344
139
289
174
129
320
555
546
671
551
325
102
108
148
128
432
646
585
604
505
315
97
114
363
229
773
877
875
822
445
219
118
132
281
416
401
418
479
575
513
734
433
432
464
333
415
346
754
816
393
247
267
369
585
416
700
676
457
314
146
226
212
176
371
519
757
517
621
434
143
112
109
218
200
443
957
1009
373
149
59
471
89
146
328
607
676
993
520
201
552
483
126
690
473
420
796
607
551
574
196
401
99
238
379
814
661
871
992
159
141
168
63
410
566
432
569
867
