167
320
762
776
743
497
291
87
130
80
81
485
575
685
792
367
48
109
145
56
119
449
727
585
621
358
465
114
183
105
224
586
1023
1023
656
160
260
108
163
183
347
576
724
637
721
174
293
134
364
241
293
458
584
580
409
222
219
135
58
199
343
813
834
697
241
95
116
112
128
222
569
758
720
602
412
204
145
344
149
270
476
643
601
526
243
172
123
82
90
430
734
809
612
506
361
190
127
199
412
652
522
432
599
593
455
249
119
123
201
470
742
942
689
415
329
111
225
94
294
369
579
651
635
452
441
132
70
189
429
610
549
828
655
292
186
138
63
140
350
771
690
682
574
611
332
252
311
185
451
732
738
682
137
163
270
140
105
182
475
651
740
655
444
188
145
97
81
331
637
806
845
528
264
81
110
97
174
420
403
654
1023
423
122
117
137
84
97
454
844
682
594
173
151
115
106
110
145
389
586
690
670
674
359
171
283
75
269
675
1023
998
578
545
277
237
381
147
291
406
591
1023
658
392
159
125
72
130
391
633
785
696
632
324
118
146
342
319
370
477
588
647
196
260
162
115
109
306
362
679
1023
617
376
224
119
224
428
399
445
586
612
512
244
222
112
206
141
475
776
824
708
385
159
124
143
135
141
331
427
636
761
361
388
267
157
124
223
581
962
839
639
144
89
133
88
116
287
506
706
778
636
236
89
127
139
194
493
614
794
728
494
307
117
115
111
136
383
607
613
673
321
176
102
573
125
378
546
734
937
680
341
241
113
133
73
279
505
666
776
648
509
204
130
160
140
400
706
733
724
621
338
97
127
323
99
402
975
1023
745
327
351
289
150
129
243
504
637
773
576
441
262
124
137
223
266
445
539
649
615
303
128
141
277
115
522
791
835
786
595
90
132
174
82
204
585
778
440
670
698
355
106
176
56
157
510
744
778
659
398
336
122
110
82
224
479
725
592
656
440
167
156
101
161
337
560
621
665
480
275
158
126
139
262
275
398
628
699
444
491
139
189
191
233
539
611
765
706
409
302
200
102
105
275
363
556
766
563
287
484
247
543
189
299
524
696
638
535
188
153
106
104
129
341
533
560
634
541
314
158
157
185
328
453
579
448
512
327
188
156
126
80
150
486
758
695
604
425
172
115
103
300
272
493
750
868
656
495
161
137
157
201
334
503
717
785
512
135
319
211
136
236
466
661
711
879
243
51
168
109
151
125
537
778
648
635
438
245
133
118
138
239
544
575
755
708
444
116
119
149
99
277
480
665
696
454
402
114
127
119
179
320
384
569
521
408
327
113
127
64
100
357
504
439
537
925
549
138
138
326
470
670
663
505
509
281
174
124
107
186
310
509
601
694
624
412
234
114
106
168
406
729
848
909
605
68
349
118
102
129
375
794
900
611
556
428
298
122
184
340
491
697
685
632
370
108
112
110
94
212
480
713
679
610
343
194
110
101
212
320
562
1023
906
669
343
61
376
327
232
358
574
645
669
418
209
93
120
127
169
451
472
434
740
1023
92
124
371
70
216
627
835
972
939
620
392
121
168
154
324
689
807
796
622
261
107
156
92
246
402
776
668
516
327
89
128
148
81
87
363
566
669
641
526
288
127
122
71
182
436
591
665
653
288
397
262
187
97
262
894
1023
917
536
207
134
268
210
83
355
549
692
640
478
168
136
126
86
233
507
709
629
682
446
254
117
111
389
215
400
606
531
580
294
166
124
179
63
239
536
738
764
559
330
176
131
113
78
266
526
877
746
583
405
88
217
103
97
341
364
803
1023
722
282
125
200
283
274
414
576
705
730
575
348
101
237
257
277
440
579
728
700
113
75
214
146
192
407
273
341
600
745
511
131
137
101
253
557
771
596
487
553
379
97
150
298
228
306
388
559
657
462
582
435
159
79
230
589
832
801
739
406
72
98
115
132
238
425
669
808
561
253
127
152
94
139
398
671
736
564
418
330
219
129
75
89
548
552
565
586
484
511
228
174
327
252
511
590
691
758
234
86
411
125
216
230
518
615
824
788
319
81
174
72
142
269
447
471
622
543
278
141
170
86
136
323
467
726
802
848
264
209
265
168
402
565
711
825
706
400
254
141
131
310
167
334
704
907
526
157
78
139
122
137
299
625
904
901
763
258
91
238
297
164
379
474
482
685
508
238
108
134
108
203
403
822
649
515
475
269
193
229
397
104
314
554
839
762
398
380
210
205
270
256
550
999
813
567
265
150
110
108
152
315
786
1023
616
365
71
104
126
89
169
425
613
517
832
400
266
149
109
81
197
504
595
634
631
515
331
127
239
299
236
546
529
672
712
324
70
108
177
126
319
473
929
854
938
334
98
136
131
223
449
612
594
637
546
302
157
123
102
139
380
599
661
591
336
274
127
130
93
199
342
455
805
1007
441
74
294
316
63
268
430
534
598
639
268
169
140
73
82
387
719
864
867
527
60
107
137
87
217
397
527
766
672
337
325
115
104
108
294
624
618
661
446
381
495
326
115
127
384
572
706
729
522
312
212
134
95
143
397
639
741
575
446
276
237
121
179
112
376
497
489
1023
436
75
101
131
67
190
521
846
711
706
219
126
149
99
165
195
409
813
713
502
375
172
110
86
101
321
655
690
716
487
260
221
120
145
278
382
558
678
663
411
124
129
333
95
324
565
748
747
597
346
114
173
163
244
286
384
721
880
408
179
212
130
105
66
259
602
755
620
441
257
197
118
141
148
342
523
440
929
539
129
112
147
271
267
469
623
400
453
309
195
95
141
198
121
393
549
591
628
551
193
173
95
124
302
624
837
622
530
283
138
187
172
173
316
467
724
709
489
373
394
166
248
186
397
668
562
441
541
366
205
270
70
433
532
608
706
591
378
255
138
130
74
242
547
923
873
679
641
303
112
539
396
295
469
773
768
593
289
109
115
125
153
410
692
548
529
528
124
266
266
66
140
420
818
721
565
331
464
212
259
283
284
439
680
679
614
424
276
130
99
71
318
821
766
679
603
364
191
107
106
167
339
535
661
867
542
262
147
133
597
129
319
324
641
508
387
356
171
101
131
164
526
565
473
717
275
161
259
116
156
286
502
619
603
472
129
312
276
106
139
258
315
516
542
526
204
78
243
85
196
396
607
804
730
363
118
409
134
67
210
532
822
943
687
369
239
470
214
245
154
390
696
823
718
404
65
116
97
160
373
535
729
494
432
304
347
115
73
106
353
558
627
714
672
434
161
145
72
135
482
707
798
687
476
275
213
115
72
168
530
982
712
574
360
213
124
128
198
221
334
975
936
662
423
220
115
82
98
365
681
742
731
572
297
92
106
91
407
495
545
844
693
318
542
193
349
280
479
398
524
655
517
467
137
101
114
88
229
531
877
852
609
456
178
127
235
256
288
592
856
757
523
164
228
114
183
267
389
387
660
784
590
211
95
129
65
197
424
627
696
659
336
323
141
156
244
354
328
642
927
573
293
286
146
118
109
286
610
650
630
502
372
110
113
80
133
412
611
768
731
491
273
331
157
341
362
402
510
724
1023
322
228
117
118
80
177
551
646
625
577
303
179
377
308
603
236
294
368
499
593
622
315
139
91
123
308
576
710
678
565
422
108
201
139
162
320
537
635
688
311
262
514
117
378
379
488
247
580
872
574
345
244
106
136
295
543
583
736
597
362
255
189
101
164
416
786
501
531
706
471
142
191
129
77
352
610
609
862
496
253
162
115
147
116
445
754
743
786
571
245
150
227
557
207
398
667
566
405
936
497
159
388
410
378
516
486
588
493
341
228
120
96
115
343
707
503
556
587
353
139
191
277
420
435
664
667
547
484
156
219
117
48
125
365
892
808
594
550
160
114
133
296
288
515
1023
791
381
265
141
230
159
366
405
665
741
546
563
177
87
133
253
89
458
846
834
711
462
292
115
172
68
105
459
731
535
608
483
94
161
118
138
235
568
533
471
694
591
515
240
115
205
357
585
658
649
562
317
313
199
81
147
394
676
813
778
699
322
142
117
63
113
434
501
1023
714
201
76
291
113
85
164
473
825
757
563
402
139
175
102
124
265
483
563
386
1023
641
118
308
235
118
285
700
806
691
510
328
130
111
77
164
441
702
711
715
337
157
122
107
74
149
471
686
786
747
325
75
123
98
60
288
598
937
666
565
380
300
112
169
216
292
403
694
834
648
396
126
212
77
321
486
673
634
629
714
469
102
122
323
311
551
948
1023
399
144
204
281
160
106
603
423
352
600
623
497
420
149
358
222
300
468
520
797
626
132
139
180
140
199
362
602
476
556
388
332
105
151
123
121
487
522
716
908
508
321
382
389
186
127
462
801
641
516
392
328
196
113
96
288
760
1023
793
480
98
104
135
103
78
509
751
947
638
333
270
257
327
86
218
452
741
813
653
363
125
170
296
149
142
391
543
682
640
301
139
107
220
465
420
1023
1023
760
720
212
99
167
82
88
318
671
888
808
518
304
243
122
174
254
455
857
273
395
725
553
159
118
81
374
686
497
506
639
388
291
127
110
230
254
524
697
734
567
313
164
119
122
71
272
467
703
749
837
214
