469
552
439
263
317
418
810
702
445
145
116
154
85
116
554
1023
913
506
393
351
481
414
196
832
613
287
219
421
546
930
720
587
399
315
782
1023
1023
1023
206
117
393
641
186
310
322
444
529
698
838
450
165
301
740
270
286
812
969
503
360
333
410
295
130
587
906
827
638
156
454
281
218
240
518
507
1012
605
753
269
1023
173
422
248
825
530
1023
986
1023
333
94
521
267
156
480
651
719
752
636
533
385
555
305
141
473
852
1023
958
536
321
268
163
205
648
1023
1018
775
455
263
326
391
170
311
557
469
379
334
722
674
496
394
92
79
393
717
1023
1023
520
103
322
412
157
140
319
429
473
471
395
190
220
306
288
446
560
1023
876
497
422
96
238
270
155
264
408
442
733
813
488
128
319
718
700
710
291
308
403
344
572
248
164
210
244
248
290
507
812
515
502
254
220
208
332
394
423
931
902
1023
1023
708
1023
1023
272
347
486
688
740
591
367
119
153
298
567
1023
1023
620
350
245
554
224
178
115
308
467
561
1023
639
380
521
388
149
328
512
871
945
1023
702
106
450
536
173
297
274
678
406
980
933
257
178
232
126
274
483
986
1023
768
102
469
192
195
150
373
249
160
420
1023
1023
810
203
259
298
567
722
634
888
243
133
224
179
96
219
365
532
592
702
473
165
186
144
89
234
598
1023
1023
746
161
1023
420
276
421
285
483
696
805
922
830
434
155
249
398
422
546
767
829
475
335
295
259
206
209
303
448
356
506
385
93
128
146
108
142
306
297
477
745
379
364
228
121
182
343
338
223
244
389
832
1023
783
203
667
515
818
571
285
565
165
176
162
271
142
349
306
308
417
617
1023
754
415
90
287
462
1023
939
644
510
103
130
136
192
148
379
463
300
395
216
319
755
333
169
243
585
956
1010
1023
724
94
184
572
354
324
372
183
514
722
1023
1012
178
196
459
730
941
1023
427
402
110
228
138
98
147
609
717
582
483
327
194
627
576
187
346
489
262
460
698
767
542
297
111
439
316
412
768
518
434
512
235
137
172
266
330
479
804
784
960
264
126
469
114
329
614
987
1023
651
220
180
388
114
169
304
254
724
1023
992
772
610
194
649
257
368
485
899
1023
653
287
110
534
608
268
367
228
543
810
631
360
540
593
109
100
561
653
986
807
353
139
193
257
102
357
605
700
939
754
640
493
541
411
171
245
593
773
616
441
174
123
311
393
142
351
702
1023
1023
937
537
149
468
379
473
417
578
700
495
229
806
671
231
534
968
438
222
930
772
577
534
438
294
480
356
358
628
640
658
320
225
137
103
177
455
663
1022
458
356
175
148
131
172
213
289
303
487
553
261
399
438
205
121
244
520
798
1023
848
752
368
816
967
259
235
298
420
303
357
315
446
681
145
122
257
419
434
542
512
634
766
830
591
235
1023
1023
830
750
493
388
145
196
192
416
775
689
1023
818
206
146
135
281
181
124
325
203
371
851
706
565
338
103
139
284
680
672
915
816
234
454
354
120
295
327
283
705
820
332
263
120
150
358
220
408
486
669
600
553
406
227
387
532
123
522
621
841
526
632
662
543
267
510
515
525
801
321
466
473
569
369
209
94
296
341
405
495
533
120
364
455
123
771
305
227
317
603
392
521
293
135
143
142
463
740
493
363
255
404
259
179
138
179
448
715
543
716
828
496
196
151
287
564
1023
645
279
396
598
443
395
207
342
439
815
844
657
333
473
118
175
234
317
283
519
1023
848
331
221
116
192
231
431
636
523
373
535
567
392
142
416
113
289
413
533
539
520
112
340
135
262
307
496
452
726
525
373
84
224
203
121
207
369
403
282
390
277
177
141
242
370
124
299
759
746
641
623
614
137
323
123
542
525
243
841
1023
1023
475
145
274
267
316
617
877
1023
629
422
430
366
493
365
322
1023
1023
936
468
91
249
145
200
436
363
1023
1023
510
237
95
447
455
117
147
770
1023
795
735
459
445
158
113
98
460
832
555
430
406
537
390
163
203
155
262
601
589
563
541
191
582
203
379
555
473
532
838
462
181
331
504
209
217
374
381
957
1023
981
446
122
148
203
232
497
418
385
488
374
758
522
206
356
336
548
653
801
856
613
237
238
297
243
181
274
463
972
759
291
218
184
962
988
244
983
1023
1023
1023
526
123
299
264
242
491
578
783
460
412
255
793
1023
970
141
810
1023
909
613
641
494
157
560
673
364
309
393
608
1023
944
794
646
978
482
159
352
389
469
735
754
123
364
312
385
398
396
1023
787
490
199
511
890
286
385
224
621
769
1023
1023
465
97
269
238
425
299
339
678
683
650
495
170
139
219
191
336
523
619
683
333
120
227
196
934
313
346
681
792
966
1023
1012
1023
572
996
1023
1023
859
520
409
109
96
251
139
118
325
626
673
786
701
862
671
522
976
792
314
433
456
496
450
444
191
162
97
131
874
1023
1023
1021
639
1002
427
252
122
114
308
458
643
805
403
574
375
152
620
719
488
782
398
732
439
181
526
586
158
324
754
1023
907
892
303
86
196
103
218
530
925
666
590
270
75
295
167
365
360
317
420
732
1023
765
708
423
142
267
463
1023
1023
853
371
528
194
255
260
101
477
660
791
871
459
185
125
145
77
556
531
628
741
568
350
695
941
722
297
460
1023
1023
1023
564
286
201
172
147
340
438
1023
1023
695
510
207
158
209
546
499
655
409
510
1023
1023
1023
777
186
227
173
283
297
589
797
992
1023
975
203
933
1023
419
406
431
545
309
112
220
126
447
420
359
718
894
1023
936
992
825
125
235
1023
1023
948
1023
952
242
109
153
214
156
285
425
823
1009
777
235
157
390
510
670
328
521
347
935
626
1023
1023
607
149
316
593
814
1023
1023
928
157
846
455
211
181
279
335
501
375
236
1023
1023
1023
120
384
687
883
849
1006
787
339
149
196
103
489
365
721
1023
782
124
428
531
143
321
411
356
578
574
452
515
478
219
258
199
440
322
227
657
1023
877
625
191
205
290
394
757
989
788
241
141
206
138
87
303
283
290
581
533
1009
462
196
106
109
327
725
1023
1023
759
529
218
752
329
313
407
951
1023
431
159
289
601
254
343
377
660
507
513
636
464
187
129
255
156
301
461
779
672
372
89
156
159
459
228
337
657
737
809
661
746
360
141
259
174
425
768
1023
679
375
86
439
155
96
406
316
742
579
421
387
297
338
334
783
815
301
933
1023
1023
379
262
371
429
373
334
1023
1023
777
321
342
622
140
81
119
383
641
570
574
370
390
180
160
122
163
473
1023
917
715
726
145
610
707
266
250
315
544
797
670
275
215
436
272
213
273
232
375
413
425
447
480
242
201
143
491
504
980
1023
898
363
289
135
453
963
1023
1023
504
533
1023
552
152
102
86
206
321
435
366
530
286
87
285
173
180
292
906
1023
479
345
369
288
161
147
101
321
338
217
398
267
714
622
138
112
279
267
441
801
1023
1023
887
317
618
476
365
668
902
619
662
681
461
149
115
182
337
473
802
938
676
235
177
127
113
98
433
290
234
619
764
565
368
429
597
435
304
728
768
829
728
499
297
146
249
816
318
845
1023
887
573
542
364
476
611
243
583
891
890
812
1007
1023
879
303
1023
1023
851
503
665
414
301
342
123
626
155
385
380
437
575
333
371
399
193
98
160
386
872
850
701
408
217
205
117
455
373
727
739
355
712
659
425
498
130
129
267
582
497
807
630
577
156
310
369
522
261
460
1023
930
322
745
269
213
113
355
285
397
853
694
497
891
638
145
345
457
573
463
423
611
661
535
282
132
479
453
377
492
556
490
305
107
292
113
212
311
423
442
645
627
332
339
158
226
125
350
383
203
714
1015
306
131
133
93
256
337
651
475
413
315
313
207
119
118
182
313
337
590
480
578
263
191
323
294
398
476
650
839
405
384
163
403
127
158
288
393
904
800
416
350
171
141
213
175
530
476
709
782
500
441
437
262
118
414
528
789
979
562
254
487
445
143
128
614
270
391
835
771
564
676
207
152
577
648
872
977
660
437
305
108
227
178
566
395
312
778
852
777
225
129
160
88
130
336
714
706
598
587
315
129
390
375
437
334
479
634
415
106
219
113
123
100
319
382
489
1023
513
220
456
256
467
187
375
705
922
984
528
671
707
454
117
527
380
549
858
1023
827
376
235
173
400
396
505
708
537
429
449
125
313
238
146
213
633
670
627
779
207
219
159
196
514
293
478
574
751
332
308
576
513
176
245
429
638
762
787
480
286
127
143
232
326
394
857
464
400
143
91
191
304
118
222
559
730
778
517
306
127
242
122
162
275
527
703
753
644
790
727
669
571
194
546
1023
1023
1023
551
237
153
271
218
127
419
760
649
682
690
581
391
424
616
234
599
1023
1023
780
365
157
159
151
159
530
721
640
491
355
206
361
155
384
170
676
796
621
517
431
387
151
188
152
404
939
1023
537
403
242
156
187
192
111
148
294
336
510
501
247
183
325
594
500
377
643
1023
1022
712
217
87
157
318
353
303
555
900
1023
625
247
310
161
211
606
432
1023
1022
792
387
87
120
143
115
155
374
569
540
339
139
102
310
1021
368
240
607
814
708
650
495
163
132
85
248
273
374
477
608
651
399
279
125
95
328
427
633
752
917
322
87
209
435
78
126
282
812
