468
547
449
704
251
359
253
135
185
186
296
323
443
335
281
521
938
756
210
403
132
346
303
279
329
412
282
570
974
1023
201
359
360
370
511
281
410
855
473
155
701
311
310
268
407
187
201
189
299
186
380
324
675
1023
1023
924
444
321
910
1023
1023
1023
1023
892
456
190
372
460
688
227
356
585
834
703
974
697
792
817
157
405
392
599
1023
1023
1023
1023
942
623
557
223
278
764
1023
865
388
812
221
220
138
211
305
444
521
752
597
147
229
309
327
409
903
260
297
604
354
391
303
509
672
1023
975
262
1023
1023
1023
1023
1023
304
518
344
765
833
884
494
482
507
391
408
649
499
403
374
537
721
1023
793
759
1023
481
306
277
510
668
444
734
630
329
300
325
590
537
502
390
239
360
202
290
328
416
348
776
628
337
381
163
306
146
348
587
785
399
543
202
306
168
174
184
686
693
892
371
465
487
181
487
574
232
763
662
334
406
329
153
203
265
259
426
456
458
286
452
333
141
192
193
127
563
346
603
557
549
386
628
281
489
822
682
635
478
455
471
706
725
283
174
199
332
380
299
664
378
175
129
155
249
263
368
312
292
779
838
563
258
287
275
624
1023
684
480
489
325
168
201
151
559
677
482
871
913
823
180
211
197
182
164
316
383
597
378
639
1023
542
164
304
530
810
1023
1023
496
323
119
282
694
641
201
375
430
402
510
516
587
204
178
413
327
646
432
438
689
748
471
196
186
280
467
754
662
419
629
338
256
346
165
431
620
1023
1023
1023
277
809
912
908
663
191
389
297
335
500
293
227
297
254
187
305
368
669
1023
762
180
236
181
363
184
332
437
814
604
521
1023
712
195
190
327
411
526
829
615
829
702
221
158
664
679
398
295
1023
1023
1023
442
344
387
328
415
904
426
589
476
165
169
222
315
408
385
287
614
580
575
205
203
242
173
425
461
329
493
528
394
157
353
271
643
226
409
488
552
600
381
252
202
191
209
217
479
609
674
469
169
420
319
345
229
300
648
983
292
534
195
155
608
860
279
384
715
808
745
494
196
423
1023
885
205
322
440
275
476
426
353
457
436
379
150
677
1023
1023
1023
1023
923
495
219
786
1023
1023
978
911
506
286
259
175
244
225
438
419
1023
978
563
238
169
192
156
206
444
553
251
413
454
628
558
421
241
212
389
1012
687
863
675
326
307
733
341
455
735
1023
1023
606
137
185
207
218
623
531
580
569
1022
788
555
636
169
227
381
405
721
521
477
430
146
337
597
121
233
386
304
548
485
879
622
201
207
158
318
381
631
632
692
682
808
229
187
240
357
992
954
282
477
223
249
227
474
375
368
387
485
342
339
279
217
178
311
442
347
294
306
659
309
182
171
590
155
411
380
494
383
450
374
516
152
141
191
271
514
677
586
969
465
144
242
155
143
373
308
590
622
564
559
1023
1023
317
421
553
1023
1023
816
312
138
193
223
173
319
409
757
826
839
934
668
578
184
256
282
1023
818
758
558
367
270
365
149
153
456
953
583
800
434
191
198
201
232
266
571
467
237
331
299
195
193
155
129
156
423
338
252
604
774
555
207
423
433
334
347
587
629
500
412
178
290
235
173
369
354
364
570
709
696
534
442
136
295
479
273
635
1023
832
462
287
500
281
216
417
480
379
725
1023
1023
1023
1023
647
315
348
514
735
694
755
518
329
300
145
331
439
417
571
443
185
172
451
526
565
325
337
293
392
338
502
597
199
439
314
379
426
610
634
531
208
196
168
284
300
335
594
507
550
484
641
200
208
205
290
431
477
581
569
263
141
220
144
304
294
326
612
875
1023
715
282
204
443
683
721
1023
559
419
325
329
344
511
173
181
347
313
260
579
400
450
204
171
201
392
679
622
673
574
163
122
253
352
615
453
557
270
619
358
192
267
229
196
329
623
245
546
922
382
368
526
551
235
254
320
640
1023
932
673
212
296
400
269
248
295
293
366
460
313
539
439
558
236
392
523
780
1012
856
587
252
427
463
566
477
684
934
1023
1023
747
195
199
226
361
474
607
472
532
257
173
338
385
140
374
405
387
563
650
493
175
237
223
366
594
957
314
428
389
158
274
262
390
156
340
737
748
902
462
292
252
170
213
297
381
482
512
587
792
1023
1023
635
154
314
972
1023
1023
710
269
227
186
209
275
328
563
513
479
350
196
159
437
221
163
355
281
367
655
499
157
200
189
187
432
369
337
219
365
461
298
436
444
200
246
364
363
717
1023
870
485
654
416
128
415
632
692
892
774
333
171
165
375
206
367
646
793
840
608
257
235
143
188
468
743
795
603
770
816
417
154
201
392
438
476
562
871
959
408
311
204
261
171
441
385
245
674
679
343
156
400
402
237
404
270
395
366
435
331
178
343
355
814
1023
570
293
933
690
366
198
195
272
263
313
269
283
467
285
283
466
165
169
318
352
522
468
604
515
630
267
151
329
316
367
1023
572
476
371
193
178
155
179
438
633
652
705
409
181
531
484
756
314
475
1023
1023
1023
649
408
407
161
127
271
488
726
642
896
691
258
204
354
155
250
323
612
855
533
390
333
274
160
585
303
516
435
707
620
284
487
416
631
269
404
420
560
769
746
764
519
350
266
184
375
415
727
775
263
131
304
270
317
504
404
732
735
724
540
567
450
114
209
435
557
644
563
497
431
251
258
132
221
324
311
408
594
477
782
732
376
236
158
393
690
631
586
433
166
193
169
225
293
315
574
361
503
272
233
143
199
166
311
289
411
692
817
746
517
421
613
453
334
548
1023
980
1023
648
632
486
133
158
338
448
817
1023
1023
906
640
395
292
287
678
782
1023
1023
880
412
210
127
300
537
649
671
451
444
195
361
229
324
403
438
342
616
784
666
546
644
518
281
183
455
428
403
635
333
317
504
794
595
381
445
598
742
693
352
223
238
255
158
295
397
595
671
611
457
391
398
342
147
381
886
913
608
549
285
221
295
243
136
313
385
309
415
283
399
692
658
484
530
314
493
890
1023
912
421
215
296
157
276
393
454
604
655
406
485
323
260
179
363
338
352
614
606
840
740
327
327
217
458
630
892
750
425
292
567
194
211
212
387
308
348
401
238
153
181
279
422
763
508
249
573
583
350
291
245
169
184
298
436
477
366
398
144
116
221
230
495
378
325
700
978
643
287
147
310
274
165
449
478
500
483
411
397
406
272
371
335
483
844
848
785
656
523
427
319
174
336
493
708
758
718
504
470
499
188
202
328
550
828
769
666
240
157
244
333
231
311
713
752
787
803
514
219
188
117
314
331
418
504
531
351
558
572
512
605
607
386
288
728
1023
1023
1023
740
366
215
351
662
640
630
474
326
294
222
154
230
329
411
408
549
446
234
196
339
129
203
586
780
678
707
245
169
219
242
168
272
350
666
639
609
456
376
354
178
136
317
720
903
1023
663
170
198
257
316
153
358
400
648
480
662
809
928
395
170
227
504
590
683
726
396
337
468
419
148
372
398
611
887
517
200
233
341
262
180
421
743
822
667
496
153
142
237
266
131
361
394
352
464
481
281
195
182
134
387
298
287
337
695
687
504
239
191
200
270
403
460
455
402
229
306
247
322
203
258
347
361
612
600
454
544
376
234
175
376
585
759
1022
465
195
237
253
137
289
441
516
719
705
779
585
409
187
166
261
506
732
933
1023
443
185
216
382
367
280
295
315
355
427
181
224
229
197
154
369
345
421
525
467
316
498
404
159
197
369
460
715
760
643
505
432
430
205
235
527
861
742
727
456
287
217
312
174
308
296
268
442
437
375
517
432
180
166
294
335
369
548
543
438
361
504
352
193
397
532
573
890
689
743
722
504
305
180
466
584
794
674
944
878
757
669
484
356
579
742
855
758
554
407
427
316
215
504
310
278
525
707
679
626
884
502
190
321
503
673
893
720
529
483
311
218
228
483
485
401
507
251
169
299
427
349
282
356
519
654
601
500
430
451
531
174
333
367
431
465
734
734
293
398
180
202
326
365
278
483
565
511
350
278
224
274
378
360
415
443
206
309
179
302
204
228
441
354
267
483
594
400
169
296
275
459
306
371
530
610
385
170
398
351
174
352
385
1023
1023
1023
516
190
224
328
567
616
767
758
602
329
286
215
182
184
175
443
337
864
710
591
754
445
350
334
261
559
853
1016
809
489
251
197
172
183
350
418
320
411
633
758
597
668
338
145
457
944
1023
1023
456
196
189
321
274
428
445
466
527
600
286
281
214
205
186
219
389
285
511
529
453
307
205
170
379
336
345
220
399
423
166
243
314
277
182
453
495
657
599
591
333
162
183
262
313
538
874
794
771
563
120
241
258
348
205
368
768
755
742
374
190
242
174
284
358
323
474
774
768
694
721
724
320
143
430
548
1021
1004
608
324
302
359
496
179
382
392
407
618
627
382
293
159
144
194
431
436
527
725
428
277
147
204
161
319
601
640
917
838
662
222
305
653
784
428
425
621
604
603
464
182
394
432
271
384
513
359
457
278
147
204
215
230
170
390
770
726
670
389
181
211
155
129
262
546
1023
799
655
284
162
156
238
161
382
656
623
667
716
663
467
204
221
195
582
730
703
820
808
466
491
167
204
303
403
576
383
447
395
543
