425
197
406
330
459
504
332
325
206
220
330
177
462
424
377
561
337
173
205
271
224
447
379
353
384
535
755
1023
781
392
395
531
934
739
618
545
385
548
346
221
208
399
359
748
741
583
229
277
243
141
172
528
726
659
728
284
200
236
237
253
384
445
494
729
607
406
181
272
168
436
308
410
731
846
598
441
150
251
152
239
360
399
379
610
402
302
406
341
115
400
779
681
828
806
246
225
417
382
183
245
515
592
393
517
327
418
297
310
311
390
523
688
1016
845
631
731
419
322
396
627
642
783
784
497
192
221
223
168
225
562
616
858
966
442
232
221
178
128
236
726
605
625
881
971
393
195
511
462
406
351
494
897
996
930
531
231
358
666
720
868
813
503
453
161
208
466
585
182
501
885
797
843
534
504
514
260
231
464
546
682
615
686
302
260
366
341
177
417
662
717
470
460
127
164
292
301
247
393
369
618
752
598
766
366
207
170
465
764
658
323
501
305
425
356
283
192
224
361
368
533
593
442
473
285
341
170
280
636
892
965
739
577
282
185
324
268
602
611
363
432
461
406
415
685
321
251
472
574
852
796
559
512
536
199
239
257
442
407
353
544
538
378
338
241
475
318
544
346
404
521
351
467
560
389
347
395
493
871
946
781
437
224
166
104
174
528
573
768
971
691
376
272
610
317
276
399
293
338
575
540
431
493
882
652
263
646
859
1023
789
522
175
215
208
227
429
375
507
565
534
282
331
399
225
266
564
347
370
591
376
135
203
410
314
297
341
381
912
1023
886
517
336
179
188
547
828
1023
1023
1023
305
348
1023
923
214
471
359
265
731
644
853
767
358
191
164
356
643
710
949
968
463
148
262
255
252
492
697
543
667
381
173
394
207
361
325
340
306
437
719
524
439
467
220
186
450
351
609
944
741
527
434
315
267
213
412
342
666
944
761
586
382
223
177
198
381
475
508
527
286
376
201
256
377
448
404
721
970
647
203
208
231
211
395
350
428
755
874
707
242
191
373
478
328
440
548
660
618
520
207
220
589
797
290
381
523
439
570
483
169
176
226
132
137
282
417
734
1023
486
212
697
787
411
376
738
998
1023
1023
1023
979
359
194
504
494
655
636
674
701
250
151
353
381
224
416
514
769
753
580
520
318
249
165
217
360
407
613
554
493
605
524
522
284
190
426
823
991
805
207
155
250
158
428
387
430
428
541
463
185
172
326
152
181
450
446
418
636
546
217
203
181
141
205
449
486
504
551
661
242
174
301
309
248
389
566
680
526
242
726
226
202
329
350
318
459
828
875
737
585
476
317
222
496
1023
1023
941
671
374
272
247
159
155
460
653
717
736
515
758
640
454
157
334
450
546
808
843
904
880
668
288
189
327
504
770
918
916
670
595
372
163
181
400
563
351
713
452
225
408
317
371
281
461
596
537
573
335
252
355
260
293
282
398
462
658
1023
961
581
232
235
401
385
551
436
539
647
361
191
221
183
161
361
401
462
664
513
334
306
183
194
195
420
331
507
721
617
621
476
252
266
237
370
362
375
711
479
258
189
280
165
385
492
316
697
1023
394
264
174
238
165
420
415
274
436
445
421
530
635
215
185
391
751
693
744
597
297
209
465
177
186
477
375
321
583
522
434
297
354
231
158
571
772
912
703
205
158
269
276
234
342
488
690
491
534
393
205
210
141
178
465
991
1003
1023
661
269
260
335
472
420
537
543
402
570
555
191
267
283
142
223
449
618
522
554
300
370
364
300
183
368
563
742
540
601
259
366
645
220
176
408
286
1023
943
740
241
221
210
157
215
406
366
473
668
527
547
481
373
285
336
389
751
742
798
745
726
563
207
187
360
558
922
1023
983
461
212
245
230
403
438
772
653
557
439
180
199
228
342
359
374
509
643
736
687
380
415
225
143
186
369
371
341
562
520
640
473
363
147
332
542
1023
563
682
338
198
186
149
229
387
463
363
459
453
144
171
410
588
229
451
828
935
635
483
172
173
239
176
224
417
400
632
774
822
578
625
482
152
476
1010
1023
1023
693
252
238
316
169
287
339
404
358
634
656
387
203
205
361
200
354
706
865
854
690
386
295
177
146
221
411
542
628
708
427
268
524
345
179
307
446
493
453
578
336
204
243
255
157
359
289
369
715
591
540
656
322
221
206
370
315
349
631
694
739
615
317
200
205
584
382
450
1023
858
662
439
221
159
202
729
961
719
804
431
275
187
204
234
485
464
1023
1023
1023
895
151
208
203
343
370
960
1023
967
600
160
141
307
272
174
395
390
495
793
810
701
486
317
193
241
431
650
974
703
489
524
395
315
263
289
470
672
916
832
632
496
415
316
284
361
389
633
742
594
475
724
551
266
215
350
547
588
776
746
570
332
344
249
175
439
616
1023
1023
1023
470
281
353
403
304
651
843
767
574
520
145
456
504
238
531
392
715
1023
797
695
469
431
286
285
380
422
753
964
648
329
149
208
213
321
495
774
393
688
284
212
324
319
158
358
594
478
727
848
511
472
235
195
169
535
538
562
590
442
240
267
297
157
649
758
365
353
548
537
531
425
187
315
361
345
354
224
542
444
298
255
222
194
200
578
665
641
732
305
165
281
256
337
375
533
599
597
559
389
318
243
182
221
515
664
1023
894
555
358
385
264
163
282
388
726
666
864
564
226
167
266
133
235
538
550
520
565
387
201
220
528
454
428
442
528
485
662
536
215
219
270
374
441
311
301
689
637
531
456
313
570
498
478
386
527
712
914
835
504
485
283
171
563
499
352
600
324
508
291
182
150
357
791
766
586
513
238
212
177
178
173
398
739
894
747
597
473
205
208
228
470
521
548
556
458
337
144
235
164
293
255
347
386
317
542
495
217
287
591
245
305
349
463
522
576
471
409
484
326
218
426
477
534
851
726
469
357
253
205
192
334
502
500
704
395
173
296
191
273
164
398
324
348
642
378
305
483
375
269
210
577
1023
834
682
315
127
211
170
223
420
376
575
583
526
150
355
396
425
602
425
503
500
816
1023
881
411
194
145
241
437
690
947
804
279
159
249
260
157
224
413
791
707
707
806
618
314
169
159
300
485
643
703
641
498
448
283
275
165
336
544
613
497
718
425
405
475
545
216
447
573
567
850
812
505
344
378
436
246
449
648
655
824
651
603
416
379
312
416
429
988
886
705
645
307
263
377
255
321
454
709
1023
767
631
392
272
162
249
399
860
762
730
397
159
217
210
174
199
393
602
656
685
293
173
147
186
201
360
439
470
662
527
211
380
365
201
191
362
511
568
779
645
369
232
202
288
247
414
376
343
724
412
614
305
257
222
328
399
378
606
690
477
189
224
207
141
252
339
443
756
763
399
214
232
303
284
344
398
387
423
457
363
410
286
170
187
341
397
414
538
563
661
499
388
478
290
455
791
1023
1023
465
284
222
283
440
456
570
636
439
473
336
139
382
425
392
367
436
738
762
821
386
168
191
185
148
382
372
539
631
513
430
373
327
197
173
416
555
564
698
655
276
254
229
164
178
410
547
840
855
636
502
198
199
212
337
519
503
691
582
522
341
192
207
249
356
449
581
768
546
275
402
178
157
213
393
573
434
670
453
154
213
201
298
348
429
440
503
604
507
243
249
217
313
374
412
483
608
461
169
240
271
143
283
356
436
705
1023
1023
688
422
421
135
253
426
581
639
978
593
529
573
467
163
374
537
604
564
954
698
781
572
520
261
301
512
745
981
1023
538
186
190
266
182
410
548
574
595
771
466
516
463
206
168
385
493
656
1023
980
535
403
255
141
385
421
692
847
640
309
174
203
200
169
349
367
502
726
793
588
282
197
218
221
297
503
665
796
898
525
118
201
367
258
371
698
659
860
671
466
306
213
218
172
357
351
479
674
672
492
257
210
182
161
486
418
369
762
620
281
232
177
172
289
361
559
527
630
815
528
394
292
167
403
587
792
710
457
203
351
598
487
203
453
543
875
678
352
153
249
444
245
215
397
545
721
721
548
299
203
204
241
330
412
467
608
677
518
515
329
446
229
379
412
702
854
1023
652
383
343
137
194
375
544
771
679
504
365
382
185
159
150
399
562
594
763
560
321
444
410
228
416
599
658
752
590
523
463
226
165
193
399
287
531
806
751
353
337
215
208
277
418
497
221
478
419
291
279
311
289
224
417
444
575
703
502
268
217
188
191
327
357
288
513
570
509
453
468
297
175
313
573
679
527
510
246
160
240
384
271
391
395
607
810
473
195
190
253
230
178
417
403
492
634
422
336
323
461
449
454
401
698
744
952
541
271
179
191
206
436
348
500
860
708
372
200
210
217
202
385
564
496
484
421
236
266
338
418
242
345
512
712
597
282
176
257
245
386
298
425
433
350
446
367
546
329
145
172
289
477
555
571
657
416
283
378
239
198
347
359
691
898
655
467
183
274
197
221
445
385
598
714
835
927
740
440
182
295
496
790
920
882
394
253
239
207
161
354
396
482
458
550
410
341
264
184
193
369
486
679
584
449
198
266
296
334
283
362
570
1015
1023
875
368
211
524
684
568
425
307
374
509
314
133
172
207
515
668
400
593
902
658
693
842
